[{"Ticks":"1543292855017","Skeleton":{"Joints":[{"Location":{"X":0.0,"Y":0.0,"Z":0.0},"Vector":{"X":0.0,"Y":0.0,"Z":0.0},"JointType":0,"OrientationMatrix":[1.0,0.0,0.0,0.0,1.0,0.0,0.0,0.0,1.0]},{"Location":{"X":91.57321,"Y":758.819458,"Z":3300.26514},"Vector":{"X":0.5271424,"Y":0.2001137,"Z":3300.26514},"JointType":1,"OrientationMatrix":[0.9946205,0.00749711366,0.103314243,0.00535225077,0.992325664,-0.123536073,-0.103447542,0.123424478,0.9869473]},{"Location":{"X":83.66509,"Y":619.6249,"Z":3291.90869},"Vector":{"X":0.524861336,"Y":0.254501939,"Z":3291.90869},"JointType":2,"OrientationMatrix":[0.9946205,0.00749711366,0.103314243,0.00535225077,0.992325664,-0.123536073,-0.103447542,0.123424478,0.9869473]},{"Location":{"X":85.10969,"Y":248.001953,"Z":3255.16162},"Vector":{"X":0.5255761,"Y":0.4006313,"Z":3255.16162},"JointType":3,"OrientationMatrix":[0.9946205,0.00749711366,0.103314243,0.00535225077,0.992325664,-0.123536073,-0.103447542,0.123424478,0.9869473]},{"Location":{"X":83.25151,"Y":34.604248,"Z":3190.75586},"Vector":{"X":0.5255227,"Y":0.485855,"Z":3190.75586},"JointType":4,"OrientationMatrix":[0.9977209,0.008336175,0.06695949,0.0117501477,0.95571357,-0.2940638,-0.06644546,0.2941804,0.9534374]},{"Location":{"X":84.0212,"Y":528.0146,"Z":3282.85},"Vector":{"X":0.525036037,"Y":0.290221065,"Z":3282.85},"JointType":5,"OrientationMatrix":[0.9946205,0.00749711366,0.103314243,0.00535225077,0.992325664,-0.123536073,-0.103447542,0.123424478,0.9869473]},{"Location":{"X":263.293579,"Y":506.2464,"Z":3285.03857},"Vector":{"X":0.578402162,"Y":0.2990035,"Z":3285.03857},"JointType":6,"OrientationMatrix":[0.379189342,0.77109766,-0.5114918,-0.9166726,0.388428926,-0.09399139,0.126201674,0.504511,0.8541322]},{"Location":{"X":389.688171,"Y":229.1939,"Z":3310.94922},"Vector":{"X":0.6151312,"Y":0.4097146,"Z":3310.94922},"JointType":7,"OrientationMatrix":[0.6327528,0.77109766,0.07093919,-0.3791988,0.388428926,-0.83984,-0.6751535,0.504511,0.538178742]},{"Location":{"X":389.688171,"Y":-51.0529938,"Z":3310.94922},"Vector":{"X":0.6151312,"Y":0.5201111,"Z":3310.94922},"JointType":8,"OrientationMatrix":[0.6311117,0.77109766,0.0842999443,-0.361359537,0.388428926,-0.8476687,-0.6863799,0.504511,0.523785532]},{"Location":{"X":389.688171,"Y":-165.127884,"Z":3310.94922},"Vector":{"X":0.6151312,"Y":0.565048158,"Z":3310.94922},"JointType":9,"OrientationMatrix":[0.6311117,0.77109766,0.0842999443,-0.361359537,0.388428926,-0.8476687,-0.6863799,0.504511,0.523785532]},{"Location":{"X":0.0,"Y":0.0,"Z":0.0},"Vector":{"X":0.0,"Y":0.0,"Z":0.0},"JointType":10,"OrientationMatrix":[1.0,0.0,0.0,0.0,1.0,0.0,0.0,0.0,1.0]},{"Location":{"X":84.0212,"Y":528.0146,"Z":3282.85},"Vector":{"X":0.525036037,"Y":0.290221065,"Z":3282.85},"JointType":11,"OrientationMatrix":[0.9946205,0.00749711366,0.103314243,0.00535225077,0.992325664,-0.123536073,-0.103447542,0.123424478,0.9869473]},{"Location":{"X":-92.22903,"Y":507.51947,"Z":3332.67529},"Vector":{"X":0.4729291,"Y":0.30137828,"Z":3332.67529},"JointType":12,"OrientationMatrix":[0.340480834,-0.486487567,0.804613352,0.917846441,0.357665,-0.172144219,-0.204036012,0.7971233,0.568298936]},{"Location":{"X":-202.219528,"Y":225.192444,"Z":3372.65771},"Vector":{"X":0.4413485,"Y":0.412913948,"Z":3372.65771},"JointType":13,"OrientationMatrix":[0.8719633,-0.486487567,0.0548615977,0.256052762,0.357665,-0.89806056,0.417273223,0.7971233,0.436437249]},{"Location":{"X":-449.8064,"Y":173.116165,"Z":3252.12915},"Vector":{"X":0.364703625,"Y":0.430571645,"Z":3252.12915},"JointType":14,"OrientationMatrix":[0.873534441,-0.486487567,-0.016354451,0.182042018,0.357665,-0.915934741,0.451440275,0.7971233,0.400993884]},{"Location":{"X":-499.323761,"Y":162.700912,"Z":3228.02344},"Vector":{"X":0.348687828,"Y":0.4342614,"Z":3228.02344},"JointType":15,"OrientationMatrix":[0.873534441,-0.486487567,-0.016354451,0.182042018,0.357665,-0.915934741,0.451440275,0.7971233,0.400993884]},{"Location":{"X":0.0,"Y":0.0,"Z":0.0},"Vector":{"X":0.0,"Y":0.0,"Z":0.0},"JointType":16,"OrientationMatrix":[1.0,0.0,0.0,0.0,1.0,0.0,0.0,0.0,1.0]},{"Location":{"X":193.430145,"Y":9.269768,"Z":3173.38525},"Vector":{"X":0.559625149,"Y":0.4961901,"Z":3173.38525},"JointType":17,"OrientationMatrix":[0.98240155,-0.185076982,0.0251734462,0.149198532,0.6964885,-0.70188576,0.112369873,0.693289459,0.711844563]},{"Location":{"X":277.2971,"Y":-307.964844,"Z":2858.898},"Vector":{"X":0.594880044,"Y":0.6404978,"Z":2858.898},"JointType":18,"OrientationMatrix":[0.98240155,-0.14329122,-0.119811587,0.149198532,0.9879219,0.0418351963,0.112369873,-0.0589746721,0.9919148]},{"Location":{"X":337.82608,"Y":-726.133057,"Z":2883.3125},"Vector":{"X":0.6146119,"Y":0.8284668,"Z":2883.3125},"JointType":19,"OrientationMatrix":[0.98240155,-0.14329122,-0.119811587,0.149198532,0.9879219,0.0418351963,0.112369873,-0.0589746721,0.9919148]},{"Location":{"X":0.0,"Y":0.0,"Z":0.0},"Vector":{"X":0.0,"Y":0.0,"Z":0.0},"JointType":20,"OrientationMatrix":[1.0,0.0,0.0,0.0,1.0,0.0,0.0,0.0,1.0]},{"Location":{"X":-26.8510132,"Y":4.21102142,"Z":3187.3728},"Vector":{"X":0.491759449,"Y":0.49827686,"Z":3187.3728},"JointType":21,"OrientationMatrix":[0.9888713,0.148686066,-0.005102561,-0.112830937,0.727171242,-0.6771198,-0.09696784,0.67016,0.735855162]},{"Location":{"X":-94.67871,"Y":-326.4475,"Z":2883.00757},"Vector":{"X":0.46787563,"Y":0.6476844,"Z":2883.00757},"JointType":22,"OrientationMatrix":[0.9888713,0.102771387,0.107571475,-0.112830937,0.9893437,0.0920229554,-0.09696784,-0.103136249,0.9899294]},{"Location":{"X":-137.607025,"Y":-745.189636,"Z":2927.01343},"Vector":{"X":0.454012066,"Y":0.832054257,"Z":2927.01343},"JointType":23,"OrientationMatrix":[0.9888713,0.102771387,0.107571475,-0.112830937,0.9893437,0.0920229554,-0.09696784,-0.103136249,0.9899294]},{"Location":{"X":0.0,"Y":0.0,"Z":0.0},"Vector":{"X":0.0,"Y":0.0,"Z":0.0},"JointType":24,"OrientationMatrix":[1.0,0.0,0.0,0.0,1.0,0.0,0.0,0.0,1.0]}]}},{"Ticks":"1543292855060","Skeleton":{"Joints":[{"Location":{"X":0.0,"Y":0.0,"Z":0.0},"Vector":{"X":0.0,"Y":0.0,"Z":0.0},"JointType":0,"OrientationMatrix":[1.0,0.0,0.0,0.0,1.0,0.0,0.0,0.0,1.0]},{"Location":{"X":91.4469452,"Y":756.510437,"Z":3300.50977},"Vector":{"X":0.527102947,"Y":0.201048374,"Z":3300.50977},"JointType":1,"OrientationMatrix":[0.9975747,0.0104199033,0.06881987,-0.0009291592,0.9906366,-0.136522084,-0.06959803,0.136127025,0.988243639]},{"Location":{"X":83.6691742,"Y":619.150146,"Z":3294.083},"Vector":{"X":0.5248462,"Y":0.254851937,"Z":3294.083},"JointType":2,"OrientationMatrix":[0.9975747,0.0104199033,0.06881987,-0.0009291592,0.9906366,-0.136522084,-0.06959803,0.136127025,0.988243639]},{"Location":{"X":85.2727,"Y":247.39035,"Z":3255.291},"Vector":{"X":0.5256241,"Y":0.4008803,"Z":3255.291},"JointType":3,"OrientationMatrix":[0.9975747,0.0104199033,0.06881987,-0.0009291592,0.9906366,-0.136522084,-0.06959803,0.136127025,0.988243639]},{"Location":{"X":83.24316,"Y":34.16243,"Z":3190.33057},"Vector":{"X":0.525523543,"Y":0.486033738,"Z":3190.33057},"JointType":4,"OrientationMatrix":[0.9976996,0.009145569,0.06716975,0.0111423,0.9552576,-0.295565248,-0.06686752,0.2956338,0.9529582]},{"Location":{"X":84.0641,"Y":527.590332,"Z":3284.529},"Vector":{"X":0.525036037,"Y":0.290496767,"Z":3284.529},"JointType":5,"OrientationMatrix":[0.9975747,0.0104199033,0.06881987,-0.0009291592,0.9906366,-0.136522084,-0.06959803,0.136127025,0.988243639]},{"Location":{"X":248.545944,"Y":485.960938,"Z":3307.09741},"Vector":{"X":0.573517,"Y":0.308344454,"Z":3307.09741},"JointType":6,"OrientationMatrix":[0.424475551,0.7686932,-0.478467643,-0.896852553,0.429555,-0.105536886,0.12440268,0.473912746,0.871740043]},{"Location":{"X":404.433777,"Y":223.352524,"Z":3318.96484},"Vector":{"X":0.619199157,"Y":0.412228167,"Z":3318.96484},"JointType":7,"OrientationMatrix":[0.6269461,0.7686932,0.126686111,-0.3592595,0.429555,-0.8285017,-0.6912823,0.473912746,0.545468152]},{"Location":{"X":404.433777,"Y":-56.4475861,"Z":3318.96484},"Vector":{"X":0.619199157,"Y":0.522182465,"Z":3318.96484},"JointType":8,"OrientationMatrix":[0.6241278,0.7686932,0.139911652,-0.3416644,0.429555,-0.835911453,-0.7026592,0.473912746,0.530732334]},{"Location":{"X":404.433777,"Y":-170.522476,"Z":3318.96484},"Vector":{"X":0.619199157,"Y":0.567011,"Z":3318.96484},"JointType":9,"OrientationMatrix":[0.6241278,0.7686932,0.139911652,-0.3416644,0.429555,-0.835911453,-0.7026592,0.473912746,0.530732334]},{"Location":{"X":0.0,"Y":0.0,"Z":0.0},"Vector":{"X":0.0,"Y":0.0,"Z":0.0},"JointType":10,"OrientationMatrix":[1.0,0.0,0.0,0.0,1.0,0.0,0.0,0.0,1.0]},{"Location":{"X":84.0641,"Y":527.590332,"Z":3284.529},"Vector":{"X":0.525036037,"Y":0.290496767,"Z":3284.529},"JointType":11,"OrientationMatrix":[0.9975747,0.0104199033,0.06881987,-0.0009291592,0.9906366,-0.136522084,-0.06959803,0.136127025,0.988243639]},{"Location":{"X":-92.37518,"Y":506.8452,"Z":3332.67163},"Vector":{"X":0.472886175,"Y":0.301641941,"Z":3332.67163},"JointType":12,"OrientationMatrix":[0.4168325,-0.463748336,0.78178525,0.886966169,0.395659655,-0.238210961,-0.198850945,0.792711139,0.5762529]},{"Location":{"X":-226.506424,"Y":235.002884,"Z":3371.60254},"Vector":{"X":0.4342838,"Y":0.409091622,"Z":3371.60254},"JointType":13,"OrientationMatrix":[0.88596344,-0.463748336,0.00250534224,0.209632441,0.395659655,-0.8941519,0.4136702,0.792711139,0.447756678]},{"Location":{"X":-475.2278,"Y":196.0209,"Z":3249.51147},"Vector":{"X":0.356942028,"Y":0.421322346,"Z":3249.51147},"JointType":14,"OrientationMatrix":[0.883721054,-0.463748336,-0.06304413,0.142909616,0.395659655,-0.9072102,0.445661217,0.792711139,0.415926874]},{"Location":{"X":-524.9721,"Y":188.2245,"Z":3225.09326},"Vector":{"X":0.340771,"Y":0.423879623,"Z":3225.09326},"JointType":15,"OrientationMatrix":[0.883721054,-0.463748336,-0.06304413,0.142909616,0.395659655,-0.9072102,0.445661217,0.792711139,0.415926874]},{"Location":{"X":0.0,"Y":0.0,"Z":0.0},"Vector":{"X":0.0,"Y":0.0,"Z":0.0},"JointType":16,"OrientationMatrix":[1.0,0.0,0.0,0.0,1.0,0.0,0.0,0.0,1.0]},{"Location":{"X":193.208954,"Y":9.861305,"Z":3173.50122},"Vector":{"X":0.5595548,"Y":0.495947152,"Z":3173.50122},"JointType":17,"OrientationMatrix":[0.9823188,-0.185610563,0.02446306,0.149041533,0.696238041,-0.7021675,0.1132976,0.693398356,0.7115914]},{"Location":{"X":277.2559,"Y":-306.635956,"Z":2859.84741},"Vector":{"X":0.594834447,"Y":0.6398451,"Z":2859.84741},"JointType":18,"OrientationMatrix":[0.9823188,-0.143368274,-0.120396256,0.149041533,0.9880428,0.0394721925,0.1132976,-0.05671832,0.991940856]},{"Location":{"X":337.570831,"Y":-723.344,"Z":2883.107},"Vector":{"X":0.6145335,"Y":0.827228546,"Z":2883.107},"JointType":19,"OrientationMatrix":[0.9823188,-0.143368274,-0.120396256,0.149041533,0.9880428,0.0394721925,0.1132976,-0.05671832,0.991940856]},{"Location":{"X":0.0,"Y":0.0,"Z":0.0},"Vector":{"X":0.0,"Y":0.0,"Z":0.0},"JointType":20,"OrientationMatrix":[1.0,0.0,0.0,0.0,1.0,0.0,0.0,0.0,1.0]},{"Location":{"X":-26.3903427,"Y":4.2332077,"Z":3187.26953},"Vector":{"X":0.4919006,"Y":0.4982677,"Z":3187.26953},"JointType":21,"OrientationMatrix":[0.988579,0.150687233,-0.00221777381,-0.11178191,0.723313034,-0.6814126,-0.101076022,0.6738781,0.731896162]},{"Location":{"X":-95.05399,"Y":-323.998962,"Z":2882.04517},"Vector":{"X":0.467737526,"Y":0.646625638,"Z":2882.04517},"JointType":22,"OrientationMatrix":[0.988579,0.101996176,0.110942952,-0.11178191,0.9900151,0.085877426,-0.101076022,-0.09729803,0.990109444]},{"Location":{"X":-137.397461,"Y":-741.552856,"Z":2923.0354},"Vector":{"X":0.4540196,"Y":0.830883443,"Z":2923.0354},"JointType":23,"OrientationMatrix":[0.988579,0.101996176,0.110942952,-0.11178191,0.9900151,0.085877426,-0.101076022,-0.09729803,0.990109444]},{"Location":{"X":0.0,"Y":0.0,"Z":0.0},"Vector":{"X":0.0,"Y":0.0,"Z":0.0},"JointType":24,"OrientationMatrix":[1.0,0.0,0.0,0.0,1.0,0.0,0.0,0.0,1.0]}]}},{"Ticks":"1543292855100","Skeleton":{"Joints":[{"Location":{"X":0.0,"Y":0.0,"Z":0.0},"Vector":{"X":0.0,"Y":0.0,"Z":0.0},"JointType":0,"OrientationMatrix":[1.0,0.0,0.0,0.0,1.0,0.0,0.0,0.0,1.0]},{"Location":{"X":91.40266,"Y":755.7088,"Z":3300.6958},"Vector":{"X":0.5270883,"Y":0.201382,"Z":3300.6958},"JointType":1,"OrientationMatrix":[0.9925265,0.0111487508,0.121519141,0.00444495957,0.991854,-0.127302349,-0.12194851,0.1268911,0.9843918]},{"Location":{"X":83.67142,"Y":619.0071,"Z":3294.94482},"Vector":{"X":0.5248403,"Y":0.2549727,"Z":3294.94482},"JointType":2,"OrientationMatrix":[0.9925265,0.0111487508,0.121519141,0.00444495957,0.991854,-0.127302349,-0.12194851,0.1268911,0.9843918]},{"Location":{"X":85.32102,"Y":247.2413,"Z":3255.314},"Vector":{"X":0.525638461,"Y":0.400940746,"Z":3255.314},"JointType":3,"OrientationMatrix":[0.9925265,0.0111487508,0.121519141,0.00444495957,0.991854,-0.127302349,-0.12194851,0.1268911,0.9843918]},{"Location":{"X":83.25763,"Y":34.05893,"Z":3190.20532},"Vector":{"X":0.525529,"Y":0.4860755,"Z":3190.20532},"JointType":4,"OrientationMatrix":[0.997674167,0.00946827,0.0675030351,0.0109581864,0.955146253,-0.2959316,-0.06727724,0.295983016,0.952820957]},{"Location":{"X":84.07759,"Y":527.4689,"Z":3285.18677},"Vector":{"X":0.525035,"Y":0.290586919,"Z":3285.18677},"JointType":5,"OrientationMatrix":[0.9925265,0.0111487508,0.121519141,0.00444495957,0.991854,-0.127302349,-0.12194851,0.1268911,0.9843918]},{"Location":{"X":258.666077,"Y":500.0656,"Z":3276.985},"Vector":{"X":0.5772135,"Y":0.300969541,"Z":3276.985},"JointType":6,"OrientationMatrix":[0.494260222,0.7435835,-0.450322568,-0.85512954,0.509072959,-0.09797035,0.1563979,0.433506966,0.8874747]},{"Location":{"X":425.939117,"Y":248.197083,"Z":3321.561},"Vector":{"X":0.6254393,"Y":0.402541131,"Z":3321.561},"JointType":7,"OrientationMatrix":[0.637664557,0.7435835,0.201165363,-0.344843447,0.509072959,-0.7886239,-0.6888156,0.433506966,0.5810377]},{"Location":{"X":425.939117,"Y":-31.4441833,"Z":3321.561},"Vector":{"X":0.6254393,"Y":0.5123471,"Z":3321.561},"JointType":8,"OrientationMatrix":[0.6332693,0.7435835,0.214600846,-0.3280946,0.509072959,-0.7957378,-0.700945,0.433506966,0.566346049]},{"Location":{"X":425.939117,"Y":-145.519073,"Z":3321.561},"Vector":{"X":0.6254393,"Y":0.5571406,"Z":3321.561},"JointType":9,"OrientationMatrix":[0.6332693,0.7435835,0.214600846,-0.3280946,0.509072959,-0.7957378,-0.700945,0.433506966,0.566346049]},{"Location":{"X":0.0,"Y":0.0,"Z":0.0},"Vector":{"X":0.0,"Y":0.0,"Z":0.0},"JointType":10,"OrientationMatrix":[1.0,0.0,0.0,0.0,1.0,0.0,0.0,0.0,1.0]},{"Location":{"X":84.07759,"Y":527.4689,"Z":3285.18677},"Vector":{"X":0.525035,"Y":0.290586919,"Z":3285.18677},"JointType":11,"OrientationMatrix":[0.9925265,0.0111487508,0.121519141,0.00444495957,0.991854,-0.127302349,-0.12194851,0.1268911,0.9843918]},{"Location":{"X":-91.68535,"Y":507.471771,"Z":3338.56421},"Vector":{"X":0.473136127,"Y":0.301747262,"Z":3338.56421},"JointType":12,"OrientationMatrix":[0.391169161,-0.4382147,0.8092926,0.9002724,0.364738137,-0.237646043,-0.1910399,0.821543634,0.5371869]},{"Location":{"X":-216.346375,"Y":230.644638,"Z":3373.65552},"Vector":{"X":0.437269747,"Y":0.410831869,"Z":3373.65552},"JointType":13,"OrientationMatrix":[0.8987194,-0.4382147,-0.0164737832,0.161035642,0.364738137,-0.917078853,0.407886028,0.821543634,0.3983654]},{"Location":{"X":-468.9266,"Y":206.351685,"Z":3256.13},"Vector":{"X":0.3591258,"Y":0.417344183,"Z":3256.13},"JointType":14,"OrientationMatrix":[0.894615769,-0.4382147,-0.08735255,0.08815417,0.364738137,-0.9269277,0.4380541,0.821543634,0.364930958]},{"Location":{"X":-519.4426,"Y":201.493088,"Z":3232.62476},"Vector":{"X":0.3428152,"Y":0.4187035,"Z":3232.62476},"JointType":15,"OrientationMatrix":[0.894615769,-0.4382147,-0.08735255,0.08815417,0.364738137,-0.9269277,0.4380541,0.821543634,0.364930958]},{"Location":{"X":0.0,"Y":0.0,"Z":0.0},"Vector":{"X":0.0,"Y":0.0,"Z":0.0},"JointType":16,"OrientationMatrix":[1.0,0.0,0.0,0.0,1.0,0.0,0.0,0.0,1.0]},{"Location":{"X":193.127914,"Y":9.96381,"Z":3173.51685},"Vector":{"X":0.559529543,"Y":0.495905,"Z":3173.51685},"JointType":17,"OrientationMatrix":[0.9822538,-0.186045676,0.0237589125,0.148863271,0.6962737,-0.70217,0.114092991,0.693246,0.7116128]},{"Location":{"X":277.383667,"Y":-306.102936,"Z":2860.18},"Vector":{"X":0.5948671,"Y":0.639585733,"Z":2860.18},"JointType":18,"OrientationMatrix":[0.9822538,-0.143309608,-0.120995194,0.148863271,0.9881222,0.0381345339,0.114092991,-0.05546953,0.9919203]},{"Location":{"X":337.451355,"Y":-722.3257,"Z":2883.02832},"Vector":{"X":0.614496052,"Y":0.826776743,"Z":2883.02832},"JointType":19,"OrientationMatrix":[0.9822538,-0.143309608,-0.120995194,0.148863271,0.9881222,0.0381345339,0.114092991,-0.05546953,0.9919203]},{"Location":{"X":0.0,"Y":0.0,"Z":0.0},"Vector":{"X":0.0,"Y":0.0,"Z":0.0},"JointType":20,"OrientationMatrix":[1.0,0.0,0.0,0.0,1.0,0.0,0.0,0.0,1.0]},{"Location":{"X":-26.2399368,"Y":4.29021072,"Z":3187.186},"Vector":{"X":0.491946518,"Y":0.498244345,"Z":3187.186},"JointType":21,"OrientationMatrix":[0.988497853,0.151234925,0.000159956486,-0.110445067,0.72261,-0.6823758,-0.103314631,0.6745093,0.731001556]},{"Location":{"X":-94.96932,"Y":-323.679443,"Z":2882.40869},"Vector":{"X":0.467770338,"Y":0.64646256,"Z":2882.40869},"JointType":22,"OrientationMatrix":[0.988497853,0.101572178,0.112049624,-0.110445067,0.9909694,0.07603583,-0.103314631,-0.08753658,0.9907893]},{"Location":{"X":-137.296066,"Y":-741.142151,"Z":2918.532},"Vector":{"X":0.453982651,"Y":0.831210434,"Z":2918.532},"JointType":23,"OrientationMatrix":[0.988497853,0.101572178,0.112049624,-0.110445067,0.9909694,0.07603583,-0.103314631,-0.08753658,0.9907893]},{"Location":{"X":0.0,"Y":0.0,"Z":0.0},"Vector":{"X":0.0,"Y":0.0,"Z":0.0},"JointType":24,"OrientationMatrix":[1.0,0.0,0.0,0.0,1.0,0.0,0.0,0.0,1.0]}]}},{"Ticks":"1543292855142","Skeleton":{"Joints":[{"Location":{"X":0.0,"Y":0.0,"Z":0.0},"Vector":{"X":0.0,"Y":0.0,"Z":0.0},"JointType":0,"OrientationMatrix":[1.0,0.0,0.0,0.0,1.0,0.0,0.0,0.0,1.0]},{"Location":{"X":91.37405,"Y":755.202759,"Z":3302.71582},"Vector":{"X":0.527063251,"Y":0.201764479,"Z":3302.71582},"JointType":1,"OrientationMatrix":[0.9955675,0.008600722,0.0936556458,0.00463703927,0.9901099,-0.140217334,-0.0939353555,0.1400301,0.985681355]},{"Location":{"X":83.6734161,"Y":619.102844,"Z":3295.87085},"Vector":{"X":0.5248339,"Y":0.255003631,"Z":3295.87085},"JointType":2,"OrientationMatrix":[0.9955675,0.008600722,0.0936556458,0.00463703927,0.9901099,-0.140217334,-0.0939353555,0.1400301,0.985681355]},{"Location":{"X":85.33964,"Y":247.39151,"Z":3255.35815},"Vector":{"X":0.5256437,"Y":0.4008819,"Z":3255.35815},"JointType":3,"OrientationMatrix":[0.9955675,0.008600722,0.0936556458,0.00463703927,0.9901099,-0.140217334,-0.0939353555,0.1400301,0.985681355]},{"Location":{"X":83.27522,"Y":34.248764,"Z":3190.11987},"Vector":{"X":0.525535047,"Y":0.485997528,"Z":3190.11987},"JointType":4,"OrientationMatrix":[0.9977376,0.009560078,0.06654539,0.0106033571,0.9550709,-0.296187639,-0.06638714,0.296223164,0.9528088]},{"Location":{"X":84.08364,"Y":527.587952,"Z":3285.89673},"Vector":{"X":0.525031447,"Y":0.290584922,"Z":3285.89673},"JointType":5,"OrientationMatrix":[0.9955675,0.008600722,0.0936556458,0.00463703927,0.9901099,-0.140217334,-0.0939353555,0.1400301,0.985681355]},{"Location":{"X":261.168243,"Y":503.250641,"Z":3307.85864},"Vector":{"X":0.5772328,"Y":0.301571339,"Z":3307.85864},"JointType":6,"OrientationMatrix":[0.383528,0.7447661,-0.5461041,-0.913216352,0.393959552,-0.104075909,0.137630716,0.5386272,0.8312271]},{"Location":{"X":391.893372,"Y":227.435135,"Z":3323.40723},"Vector":{"X":0.6153487,"Y":0.410743266,"Z":3323.40723},"JointType":7,"OrientationMatrix":[0.6648606,0.7447661,0.0573039576,-0.368742764,0.393959552,-0.8419172,-0.6496069,0.5386272,0.53655535]},{"Location":{"X":391.893372,"Y":-52.0930328,"Z":3323.40723},"Vector":{"X":0.6153487,"Y":0.520443857,"Z":3323.40723},"JointType":8,"OrientationMatrix":[0.6635006,0.7447661,0.07134654,-0.350861937,0.393959552,-0.849524438,-0.6608047,0.5386272,0.5227025]},{"Location":{"X":391.893372,"Y":-166.167923,"Z":3323.40723},"Vector":{"X":0.6153487,"Y":0.5652124,"Z":3323.40723},"JointType":9,"OrientationMatrix":[0.6635006,0.7447661,0.07134654,-0.350861937,0.393959552,-0.849524438,-0.6608047,0.5386272,0.5227025]},{"Location":{"X":0.0,"Y":0.0,"Z":0.0},"Vector":{"X":0.0,"Y":0.0,"Z":0.0},"JointType":10,"OrientationMatrix":[1.0,0.0,0.0,0.0,1.0,0.0,0.0,0.0,1.0]},{"Location":{"X":84.08364,"Y":527.587952,"Z":3285.89673},"Vector":{"X":0.525031447,"Y":0.290584922,"Z":3285.89673},"JointType":11,"OrientationMatrix":[0.9955675,0.008600722,0.0936556458,0.00463703927,0.9901099,-0.140217334,-0.0939353555,0.1400301,0.985681355]},{"Location":{"X":-92.08128,"Y":507.36734,"Z":3337.04517},"Vector":{"X":0.473007828,"Y":0.30169785,"Z":3337.04517},"JointType":12,"OrientationMatrix":[0.4059841,-0.414243847,0.814603567,0.8936561,0.366437763,-0.259040833,-0.191195443,0.833141863,0.518959463]},{"Location":{"X":-222.837341,"Y":233.849136,"Z":3375.71973},"Vector":{"X":0.435427129,"Y":0.4096483,"Z":3375.71973},"JointType":13,"OrientationMatrix":[0.909410834,-0.414243847,-0.03706674,0.129359648,0.366437763,-0.9214062,0.3952695,0.833141863,0.386828929]},{"Location":{"X":-476.515961,"Y":216.671371,"Z":3259.5813},"Vector":{"X":0.35699743,"Y":0.413302481,"Z":3259.5813},"JointType":14,"OrientationMatrix":[0.903755665,-0.414243847,-0.107832164,0.0571530834,0.366437763,-0.928685546,0.424216062,0.833141863,0.354845524]},{"Location":{"X":-527.2517,"Y":213.235825,"Z":3236.35352},"Vector":{"X":0.340635955,"Y":0.4140648,"Z":3236.35352},"JointType":15,"OrientationMatrix":[0.903755665,-0.414243847,-0.107832164,0.0571530834,0.366437763,-0.928685546,0.424216062,0.833141863,0.354845524]},{"Location":{"X":0.0,"Y":0.0,"Z":0.0},"Vector":{"X":0.0,"Y":0.0,"Z":0.0},"JointType":16,"OrientationMatrix":[1.0,0.0,0.0,0.0,1.0,0.0,0.0,0.0,1.0]},{"Location":{"X":193.056976,"Y":9.908199,"Z":3173.45776},"Vector":{"X":0.5595088,"Y":0.4959278,"Z":3173.45776},"JointType":17,"OrientationMatrix":[0.9821904,-0.186606839,0.0219077934,0.148080155,0.6970431,-0.701571941,0.115647443,0.6923213,0.7122618]},{"Location":{"X":277.537048,"Y":-306.290375,"Z":2860.68042},"Vector":{"X":0.594903,"Y":0.639646769,"Z":2860.68042},"JointType":18,"OrientationMatrix":[0.9821904,-0.142654434,-0.122277446,0.148080155,0.9883034,0.0364501774,0.115647443,-0.05390788,0.9918264]},{"Location":{"X":337.442963,"Y":-722.0366,"Z":2882.963},"Vector":{"X":0.6144958,"Y":0.8266534,"Z":2882.963},"JointType":19,"OrientationMatrix":[0.9821904,-0.142654434,-0.122277446,0.148080155,0.9883034,0.0364501774,0.115647443,-0.05390788,0.9918264]},{"Location":{"X":0.0,"Y":0.0,"Z":0.0},"Vector":{"X":0.0,"Y":0.0,"Z":0.0},"JointType":20,"OrientationMatrix":[1.0,0.0,0.0,0.0,1.0,0.0,0.0,0.0,1.0]},{"Location":{"X":-26.1340561,"Y":4.30978775,"Z":3186.89478},"Vector":{"X":0.491978258,"Y":0.498236179,"Z":3186.89478},"JointType":21,"OrientationMatrix":[0.9884478,0.151556566,0.0012578048,-0.110160679,0.724115252,-0.6808243,-0.104094185,0.6728207,0.7324457]},{"Location":{"X":-94.83244,"Y":-324.123718,"Z":2882.98682},"Vector":{"X":0.4678232,"Y":0.646634161,"Z":2882.98682},"JointType":22,"OrientationMatrix":[0.9884478,0.101380609,0.112662978,-0.110160679,0.9911073,0.07463869,-0.104094185,-0.0861874744,0.990825951]},{"Location":{"X":-137.307175,"Y":-741.0599,"Z":2918.90747},"Vector":{"X":0.453984827,"Y":0.8311311,"Z":2918.90747},"JointType":23,"OrientationMatrix":[0.9884478,0.101380609,0.112662978,-0.110160679,0.9911073,0.07463869,-0.104094185,-0.0861874744,0.990825951]},{"Location":{"X":0.0,"Y":0.0,"Z":0.0},"Vector":{"X":0.0,"Y":0.0,"Z":0.0},"JointType":24,"OrientationMatrix":[1.0,0.0,0.0,0.0,1.0,0.0,0.0,0.0,1.0]}]}},{"Ticks":"1543292855195","Skeleton":{"Joints":[{"Location":{"X":0.0,"Y":0.0,"Z":0.0},"Vector":{"X":0.0,"Y":0.0,"Z":0.0},"JointType":0,"OrientationMatrix":[1.0,0.0,0.0,0.0,1.0,0.0,0.0,0.0,1.0]},{"Location":{"X":91.34519,"Y":754.6905,"Z":3304.46313},"Vector":{"X":0.527040362,"Y":0.202124372,"Z":3304.46313},"JointType":1,"OrientationMatrix":[0.995483637,0.0180416424,0.0932029,-0.004258519,0.9892735,-0.146012992,-0.09483747,0.144956633,0.9848824]},{"Location":{"X":83.6742249,"Y":619.107544,"Z":3296.246},"Vector":{"X":0.524831355,"Y":0.255029678,"Z":3296.246},"JointType":2,"OrientationMatrix":[0.995483637,0.0180416424,0.0932029,-0.004258519,0.9892735,-0.146012992,-0.09483747,0.144956633,0.9848824]},{"Location":{"X":85.3475342,"Y":247.467163,"Z":3254.384},"Vector":{"X":0.5256537,"Y":0.4008219,"Z":3254.384},"JointType":3,"OrientationMatrix":[0.995483637,0.0180416424,0.0932029,-0.004258519,0.9892735,-0.146012992,-0.09483747,0.144956633,0.9848824]},{"Location":{"X":83.2947,"Y":34.3054962,"Z":3189.20728},"Vector":{"X":0.525548339,"Y":0.485970318,"Z":3189.20728},"JointType":4,"OrientationMatrix":[0.997911036,0.0100017749,0.06382406,0.009382317,0.955031037,-0.296357274,-0.0639180541,0.296337,0.9529422]},{"Location":{"X":84.0861053,"Y":527.6292,"Z":3285.942},"Vector":{"X":0.525031865,"Y":0.2905714,"Z":3285.942},"JointType":5,"OrientationMatrix":[0.995483637,0.0180416424,0.0932029,-0.004258519,0.9892735,-0.146012992,-0.09483747,0.144956633,0.9848824]},{"Location":{"X":251.895386,"Y":489.956238,"Z":3304.605},"Vector":{"X":0.5745639,"Y":0.306623042,"Z":3304.605},"JointType":6,"OrientationMatrix":[0.6312674,0.534549057,-0.56192416,-0.763588548,0.555213034,-0.329652935,0.135771975,0.637178,0.7586634]},{"Location":{"X":463.966034,"Y":270.1085,"Z":3314.50781},"Vector":{"X":0.636929,"Y":0.3937115,"Z":3314.50781},"JointType":7,"OrientationMatrix":[0.764051855,0.534549057,0.361223042,0.004762299,0.555213034,-0.831694543,-0.64513725,0.637178,0.421665877]},{"Location":{"X":676.478,"Y":292.858032,"Z":3135.31},"Vector":{"X":0.711057842,"Y":0.378172964,"Z":3135.31},"JointType":8,"OrientationMatrix":[0.7562447,0.534549057,0.37729463,0.0223435424,0.555213034,-0.831407964,-0.653907239,0.637178,0.4079332]},{"Location":{"X":763.396,"Y":302.162659,"Z":3062.01758},"Vector":{"X":0.7438768,"Y":0.3712936,"Z":3062.01758},"JointType":9,"OrientationMatrix":[0.7562447,0.534549057,0.37729463,0.0223435424,0.555213034,-0.831407964,-0.653907239,0.637178,0.4079332]},{"Location":{"X":0.0,"Y":0.0,"Z":0.0},"Vector":{"X":0.0,"Y":0.0,"Z":0.0},"JointType":10,"OrientationMatrix":[1.0,0.0,0.0,0.0,1.0,0.0,0.0,0.0,1.0]},{"Location":{"X":84.0861053,"Y":527.6292,"Z":3285.942},"Vector":{"X":0.525031865,"Y":0.2905714,"Z":3285.942},"JointType":11,"OrientationMatrix":[0.995483637,0.0180416424,0.0932029,-0.004258519,0.9892735,-0.146012992,-0.09483747,0.144956633,0.9848824]},{"Location":{"X":-92.05684,"Y":507.528351,"Z":3337.68237},"Vector":{"X":0.473020166,"Y":0.3016728,"Z":3337.68237},"JointType":12,"OrientationMatrix":[0.454154819,-0.405999154,0.793037236,0.8728349,0.3812134,-0.3046892,-0.178612858,0.8305667,0.527500153]},{"Location":{"X":-239.26651,"Y":242.43129,"Z":3375.86572},"Vector":{"X":0.4306694,"Y":0.406336457,"Z":3375.86572},"JointType":13,"OrientationMatrix":[0.913617849,-0.405999154,-0.0216137357,0.147816464,0.3812134,-0.912593365,0.378751576,0.8305667,0.4082967]},{"Location":{"X":-492.67926,"Y":221.373489,"Z":3261.28271},"Vector":{"X":0.352223933,"Y":0.4114672,"Z":3261.28271},"JointType":14,"OrientationMatrix":[0.91014415,-0.405999154,-0.0824764743,0.08664506,0.3812134,-0.920417845,0.40513,0.8305667,0.382136941]},{"Location":{"X":-543.3618,"Y":217.161926,"Z":3238.36621},"Vector":{"X":0.3358687,"Y":0.412536949,"Z":3238.36621},"JointType":15,"OrientationMatrix":[0.91014415,-0.405999154,-0.0824764743,0.08664506,0.3812134,-0.920417845,0.40513,0.8305667,0.382136941]},{"Location":{"X":0.0,"Y":0.0,"Z":0.0},"Vector":{"X":0.0,"Y":0.0,"Z":0.0},"JointType":16,"OrientationMatrix":[1.0,0.0,0.0,0.0,1.0,0.0,0.0,0.0,1.0]},{"Location":{"X":193.039856,"Y":9.675127,"Z":3172.899},"Vector":{"X":0.559514,"Y":0.49602288,"Z":3172.899},"JointType":17,"OrientationMatrix":[0.9820522,-0.187593073,0.0195532721,0.147172481,0.6973335,-0.7014743,0.117956579,0.6917621,0.7124264]},{"Location":{"X":277.828979,"Y":-306.108246,"Z":2860.47485},"Vector":{"X":0.5950097,"Y":0.6395738,"Z":2860.47485},"JointType":18,"OrientationMatrix":[0.9820522,-0.141732171,-0.124440692,0.147172481,0.988469064,0.03562494,0.117956579,-0.0532997921,0.9915873]},{"Location":{"X":337.4411,"Y":-721.472168,"Z":2882.925},"Vector":{"X":0.614496648,"Y":0.826402366,"Z":2882.925},"JointType":19,"OrientationMatrix":[0.9820522,-0.141732171,-0.124440692,0.147172481,0.988469064,0.03562494,0.117956579,-0.0532997921,0.9915873]},{"Location":{"X":0.0,"Y":0.0,"Z":0.0},"Vector":{"X":0.0,"Y":0.0,"Z":0.0},"JointType":20,"OrientationMatrix":[1.0,0.0,0.0,0.0,1.0,0.0,0.0,0.0,1.0]},{"Location":{"X":-25.9004669,"Y":3.85387421,"Z":3185.40332},"Vector":{"X":0.492046267,"Y":0.498422027,"Z":3185.40332},"JointType":21,"OrientationMatrix":[0.988393843,0.1518999,0.0020031915,-0.110203423,0.7260314,-0.6787736,-0.104560025,0.6706749,0.73434484]},{"Location":{"X":-94.96244,"Y":-324.678864,"Z":2882.39575},"Vector":{"X":0.467772484,"Y":0.646915436,"Z":2882.39575},"JointType":22,"OrientationMatrix":[0.988393843,0.101277873,0.113227144,-0.110203423,0.991033256,0.07555295,-0.104560025,-0.08715408,0.9906924]},{"Location":{"X":-137.259338,"Y":-741.171631,"Z":2918.858},"Vector":{"X":0.454000056,"Y":0.831186652,"Z":2918.858},"JointType":23,"OrientationMatrix":[0.988393843,0.101277873,0.113227144,-0.110203423,0.991033256,0.07555295,-0.104560025,-0.08715408,0.9906924]},{"Location":{"X":0.0,"Y":0.0,"Z":0.0},"Vector":{"X":0.0,"Y":0.0,"Z":0.0},"JointType":24,"OrientationMatrix":[1.0,0.0,0.0,0.0,1.0,0.0,0.0,0.0,1.0]}]}},{"Ticks":"1543292855243","Skeleton":{"Joints":[{"Location":{"X":0.0,"Y":0.0,"Z":0.0},"Vector":{"X":0.0,"Y":0.0,"Z":0.0},"JointType":0,"OrientationMatrix":[1.0,0.0,0.0,0.0,1.0,0.0,0.0,0.0,1.0]},{"Location":{"X":91.3101349,"Y":753.9636,"Z":3305.88672},"Vector":{"X":0.527018368,"Y":0.202539414,"Z":3305.88672},"JointType":1,"OrientationMatrix":[0.998467863,0.009821402,0.0544559062,-0.00110135146,0.987454653,-0.157898843,-0.0553235263,0.157596946,0.9859526]},{"Location":{"X":83.73293,"Y":619.0825,"Z":3296.597},"Vector":{"X":0.524846137,"Y":0.25506565,"Z":3296.597},"JointType":2,"OrientationMatrix":[0.998467863,0.009821402,0.0544559062,-0.00110135146,0.987454653,-0.157898843,-0.0553235263,0.157596946,0.9859526]},{"Location":{"X":85.37871,"Y":248.979645,"Z":3252.27661},"Vector":{"X":0.5256797,"Y":0.4001511,"Z":3252.27661},"JointType":3,"OrientationMatrix":[0.998467863,0.009821402,0.0544559062,-0.00110135146,0.987454653,-0.157898843,-0.0553235263,0.157596946,0.9859526]},{"Location":{"X":83.3320541,"Y":35.5553741,"Z":3187.96484},"Vector":{"X":0.5255698,"Y":0.4854535,"Z":3187.96484},"JointType":4,"OrientationMatrix":[0.997792542,0.008775634,0.065826185,0.0108023807,0.956580162,-0.291269064,-0.0655241,0.291337162,0.9543738]},{"Location":{"X":84.13939,"Y":527.6787,"Z":3285.65112},"Vector":{"X":0.5250499,"Y":0.2905332,"Z":3285.65112},"JointType":5,"OrientationMatrix":[0.998467863,0.009821402,0.0544559062,-0.00110135146,0.987454653,-0.157898843,-0.0553235263,0.157596946,0.9859526]},{"Location":{"X":249.995026,"Y":489.3098,"Z":3318.97266},"Vector":{"X":0.573681056,"Y":0.307714164,"Z":3318.97266},"JointType":6,"OrientationMatrix":[0.612098038,0.4870076,-0.6230246,-0.768026,0.5537606,-0.321691275,0.188340366,0.6754057,0.7129903]},{"Location":{"X":462.224274,"Y":272.5077,"Z":3355.85913},"Vector":{"X":0.634734035,"Y":0.394088745,"Z":3355.85913},"JointType":7,"OrientationMatrix":[0.792421758,0.4870076,0.3672756,0.04503697,0.5537606,-0.8314571,-0.6083087,0.6754057,0.4168786]},{"Location":{"X":677.189941,"Y":304.2591,"Z":3166.37476},"Vector":{"X":0.7092071,"Y":0.374671966,"Z":3166.37476},"JointType":8,"OrientationMatrix":[0.784480333,0.4870076,0.383945584,0.0626042,0.5537606,-0.830319166,-0.6169857,0.6754057,0.403925568]},{"Location":{"X":762.2448,"Y":316.822083,"Z":3091.40186},"Vector":{"X":0.7411944,"Y":0.366332144,"Z":3091.40186},"JointType":9,"OrientationMatrix":[0.784480333,0.4870076,0.383945584,0.0626042,0.5537606,-0.830319166,-0.6169857,0.6754057,0.403925568]},{"Location":{"X":0.0,"Y":0.0,"Z":0.0},"Vector":{"X":0.0,"Y":0.0,"Z":0.0},"JointType":10,"OrientationMatrix":[1.0,0.0,0.0,0.0,1.0,0.0,0.0,0.0,1.0]},{"Location":{"X":84.13939,"Y":527.6787,"Z":3285.65112},"Vector":{"X":0.5250499,"Y":0.2905332,"Z":3285.65112},"JointType":11,"OrientationMatrix":[0.998467863,0.009821402,0.0544559062,-0.00110135146,0.987454653,-0.157898843,-0.0553235263,0.157596946,0.9859526]},{"Location":{"X":-92.53098,"Y":507.167053,"Z":3333.88867},"Vector":{"X":0.472850323,"Y":0.301588446,"Z":3333.88867},"JointType":12,"OrientationMatrix":[0.4473236,-0.353367478,0.821603954,0.8730684,0.371837139,-0.315418333,-0.194044277,0.8584105,0.4748455]},{"Location":{"X":-237.070953,"Y":241.025635,"Z":3374.901},"Vector":{"X":0.431285948,"Y":0.4068529,"Z":3374.901},"JointType":13,"OrientationMatrix":[0.933961868,-0.353367478,-0.05335417,0.0878934,0.371837139,-0.924127638,0.3463957,0.8584105,0.378340364]},{"Location":{"X":-503.819458,"Y":234.09021,"Z":3265.72339},"Vector":{"X":0.349087983,"Y":0.406508774,"Z":3265.72339},"JointType":14,"OrientationMatrix":[0.927625954,-0.353367478,-0.121002093,0.0205867141,0.371837139,-0.9280697,0.3729427,0.8584105,0.352200449]},{"Location":{"X":-557.1692,"Y":232.703125,"Z":3243.888},"Vector":{"X":0.331984431,"Y":0.4064372,"Z":3243.888},"JointType":15,"OrientationMatrix":[0.927625954,-0.353367478,-0.121002093,0.0205867141,0.371837139,-0.9280697,0.3729427,0.8584105,0.352200449]},{"Location":{"X":0.0,"Y":0.0,"Z":0.0},"Vector":{"X":0.0,"Y":0.0,"Z":0.0},"JointType":16,"OrientationMatrix":[1.0,0.0,0.0,0.0,1.0,0.0,0.0,0.0,1.0]},{"Location":{"X":192.728851,"Y":11.12775,"Z":3171.98755},"Vector":{"X":0.5594352,"Y":0.495424449,"Z":3171.98755},"JointType":17,"OrientationMatrix":[0.981862843,-0.188736677,0.01799609,0.147247776,0.6993312,-0.6994669,0.119429842,0.6894304,0.7144384]},{"Location":{"X":278.609772,"Y":-305.1391,"Z":2860.91064},"Vector":{"X":0.59526217,"Y":0.6391107,"Z":2860.91064},"JointType":18,"OrientationMatrix":[0.981862843,-0.141821444,-0.125825569,0.147247776,0.988484442,0.0348802656,0.119429842,-0.05277517,0.991439]},{"Location":{"X":337.245361,"Y":-720.14856,"Z":2882.579},"Vector":{"X":0.614444,"Y":0.8258426,"Z":2882.579},"JointType":19,"OrientationMatrix":[0.981862843,-0.141821444,-0.125825569,0.147247776,0.988484442,0.0348802656,0.119429842,-0.05277517,0.991439]},{"Location":{"X":0.0,"Y":0.0,"Z":0.0},"Vector":{"X":0.0,"Y":0.0,"Z":0.0},"JointType":20,"OrientationMatrix":[1.0,0.0,0.0,0.0,1.0,0.0,0.0,0.0,1.0]},{"Location":{"X":-25.1679459,"Y":4.41543961,"Z":3185.77222},"Vector":{"X":0.492272079,"Y":0.4981923,"Z":3185.77222},"JointType":21,"OrientationMatrix":[0.9881377,0.153510138,0.00429648161,-0.109944984,0.726689935,-0.6781105,-0.107219048,0.669594169,0.734947443]},{"Location":{"X":-94.66993,"Y":-323.507721,"Z":2882.77881},"Vector":{"X":0.467876047,"Y":0.64636606,"Z":2882.77881},"JointType":22,"OrientationMatrix":[0.9881377,0.10087882,0.115789846,-0.109944984,0.991121352,0.07477027,-0.107219048,-0.08661384,0.9904555]},{"Location":{"X":-136.866852,"Y":-739.488037,"Z":2919.11426},"Vector":{"X":0.4541356,"Y":0.830405354,"Z":2919.11426},"JointType":23,"OrientationMatrix":[0.9881377,0.10087882,0.115789846,-0.109944984,0.991121352,0.07477027,-0.107219048,-0.08661384,0.9904555]},{"Location":{"X":0.0,"Y":0.0,"Z":0.0},"Vector":{"X":0.0,"Y":0.0,"Z":0.0},"JointType":24,"OrientationMatrix":[1.0,0.0,0.0,0.0,1.0,0.0,0.0,0.0,1.0]}]}},{"Ticks":"1543292855283","Skeleton":{"Joints":[{"Location":{"X":0.0,"Y":0.0,"Z":0.0},"Vector":{"X":0.0,"Y":0.0,"Z":0.0},"JointType":0,"OrientationMatrix":[1.0,0.0,0.0,0.0,1.0,0.0,0.0,0.0,1.0]},{"Location":{"X":91.32327,"Y":753.7582,"Z":3306.14185},"Vector":{"X":0.527020156,"Y":0.202643409,"Z":3306.14185},"JointType":1,"OrientationMatrix":[0.9950327,0.0109075094,0.0989490449,0.00447061844,0.98808,-0.1538762,-0.09944798,0.153554216,0.9831232]},{"Location":{"X":83.9455,"Y":619.104431,"Z":3296.68457},"Vector":{"X":0.524908543,"Y":0.255063474,"Z":3296.68457},"JointType":2,"OrientationMatrix":[0.9950327,0.0109075094,0.0989490449,0.00447061844,0.98808,-0.1538762,-0.09944798,0.153554216,0.9831232]},{"Location":{"X":85.4052658,"Y":250.114441,"Z":3252.07983},"Vector":{"X":0.525689244,"Y":0.399689943,"Z":3252.07983},"JointType":3,"OrientationMatrix":[0.9950327,0.0109075094,0.0989490449,0.00447061844,0.98808,-0.1538762,-0.09944798,0.153554216,0.9831232]},{"Location":{"X":83.3553162,"Y":36.6971436,"Z":3187.74487},"Vector":{"X":0.5255787,"Y":0.484985322,"Z":3187.74487},"JointType":4,"OrientationMatrix":[0.997833252,0.008880454,0.06519201,0.0104102008,0.957057953,-0.289709657,-0.06496528,0.2897606,0.9548918]},{"Location":{"X":84.30706,"Y":527.7127,"Z":3285.63672},"Vector":{"X":0.525099933,"Y":0.29051882,"Z":3285.63672},"JointType":5,"OrientationMatrix":[0.9950327,0.0109075094,0.0989490449,0.00447061844,0.98808,-0.1538762,-0.09944798,0.153554216,0.9831232]},{"Location":{"X":255.91507,"Y":495.24115,"Z":3300.03},"Vector":{"X":0.575858831,"Y":0.304266185,"Z":3300.03},"JointType":6,"OrientationMatrix":[0.641709,0.475808918,-0.601510942,-0.752935469,0.5400751,-0.376041263,0.1459373,0.694207966,0.7048245]},{"Location":{"X":468.9622,"Y":277.183472,"Z":3321.63672},"Vector":{"X":0.638106465,"Y":0.3911616,"Z":3321.63672},"JointType":7,"OrientationMatrix":[0.8102702,0.475808918,0.342152119,0.0378843,0.5400751,-0.840763748,-0.5848307,0.694207966,0.4195811]},{"Location":{"X":699.8214,"Y":309.835663,"Z":3154.17944},"Vector":{"X":0.7170347,"Y":0.371881455,"Z":3154.17944},"JointType":8,"OrientationMatrix":[0.8028559,0.475808918,0.359205037,0.05564987,0.5400751,-0.839774966,-0.5935701,0.694207966,0.4071238]},{"Location":{"X":791.5623,"Y":322.811279,"Z":3087.63379},"Vector":{"X":0.750776947,"Y":0.363639057,"Z":3087.63379},"JointType":9,"OrientationMatrix":[0.8028559,0.475808918,0.359205037,0.05564987,0.5400751,-0.839774966,-0.5935701,0.694207966,0.4071238]},{"Location":{"X":0.0,"Y":0.0,"Z":0.0},"Vector":{"X":0.0,"Y":0.0,"Z":0.0},"JointType":10,"OrientationMatrix":[1.0,0.0,0.0,0.0,1.0,0.0,0.0,0.0,1.0]},{"Location":{"X":84.30706,"Y":527.7127,"Z":3285.63672},"Vector":{"X":0.525099933,"Y":0.29051882,"Z":3285.63672},"JointType":11,"OrientationMatrix":[0.9950327,0.0109075094,0.0989490449,0.00447061844,0.98808,-0.1538762,-0.09944798,0.153554216,0.9831232]},{"Location":{"X":-90.95284,"Y":507.080048,"Z":3338.96851},"Vector":{"X":0.473354,"Y":0.3019243,"Z":3338.96851},"JointType":12,"OrientationMatrix":[0.443817526,-0.338952839,0.8295402,0.874120831,0.36759612,-0.317467928,-0.197329119,0.8660162,0.45943132]},{"Location":{"X":-234.20163,"Y":239.580444,"Z":3375.42139},"Vector":{"X":0.432128042,"Y":0.407425731,"Z":3375.42139},"JointType":13,"OrientationMatrix":[0.936655045,-0.338952839,-0.0882513449,0.0455061719,0.36759612,-0.9288715,0.347284466,0.8660162,0.359735221]},{"Location":{"X":-502.555664,"Y":245.299408,"Z":3273.65},"Vector":{"X":0.349831045,"Y":0.402269244,"Z":3273.65},"JointType":14,"OrientationMatrix":[0.9272232,-0.338952839,-0.159273654,-0.0253116786,0.36759612,-0.929641,0.373652816,0.8660162,0.332264185]},{"Location":{"X":-556.22644,"Y":246.4432,"Z":3253.29565},"Vector":{"X":0.332753748,"Y":0.401199251,"Z":3253.29565},"JointType":15,"OrientationMatrix":[0.9272232,-0.338952839,-0.159273654,-0.0253116786,0.36759612,-0.929641,0.373652816,0.8660162,0.332264185]},{"Location":{"X":0.0,"Y":0.0,"Z":0.0},"Vector":{"X":0.0,"Y":0.0,"Z":0.0},"JointType":16,"OrientationMatrix":[1.0,0.0,0.0,0.0,1.0,0.0,0.0,0.0,1.0]},{"Location":{"X":192.566528,"Y":11.7918587,"Z":3172.34424},"Vector":{"X":0.559378445,"Y":0.495151937,"Z":3172.34424},"JointType":17,"OrientationMatrix":[0.981661141,-0.190083683,0.0144788381,0.145766139,0.6994994,-0.699609041,0.122856319,0.6888895,0.714379132]},{"Location":{"X":279.110962,"Y":-304.4287,"Z":2861.12744},"Vector":{"X":0.595426261,"Y":0.638776362,"Z":2861.12744},"JointType":18,"OrientationMatrix":[0.981661141,-0.140724152,-0.128600746,0.145766139,0.988844931,0.03062642,0.122856319,-0.0488104,0.9912234]},{"Location":{"X":337.174683,"Y":-719.4619,"Z":2881.14258},"Vector":{"X":0.614477038,"Y":0.8256942,"Z":2881