[{"Ticks":"1543237650989","Skeleton":{"Joints":[{"Location":{"X":0.0,"Y":0.0,"Z":0.0},"Vector":{"X":0.0,"Y":0.0,"Z":0.0},"JointType":0,"OrientationMatrix":[1.0,0.0,0.0,0.0,1.0,0.0,0.0,0.0,1.0]},{"Location":{"X":20.5577583,"Y":972.129761,"Z":2780.97339},"Vector":{"X":0.5072311,"Y":0.04407394,"Z":2780.97339},"JointType":1,"OrientationMatrix":[0.9994565,0.0322304256,-0.00691809272,-0.03277112,0.9941659,-0.102763116,0.00356563274,0.102933981,0.9946818]},{"Location":{"X":17.7098541,"Y":838.236267,"Z":2769.59033},"Vector":{"X":0.506255031,"Y":0.105253831,"Z":2769.59033},"JointType":2,"OrientationMatrix":[0.9994565,0.0322304256,-0.00691809272,-0.03277112,0.9941659,-0.102763116,0.00356563274,0.102933981,0.9946818]},{"Location":{"X":-20.3423615,"Y":473.101837,"Z":2749.76733},"Vector":{"X":0.49276343,"Y":0.275598526,"Z":2749.76733},"JointType":3,"OrientationMatrix":[0.9994565,0.0322304256,-0.00691809272,-0.03277112,0.9941659,-0.102763116,0.00356563274,0.102933981,0.9946818]},{"Location":{"X":-37.5843735,"Y":250.968063,"Z":2696.66919},"Vector":{"X":0.486366451,"Y":0.378617018,"Z":2696.66919},"JointType":4,"OrientationMatrix":[0.9964297,0.07951244,-0.0283848029,-0.08370512,0.9742744,-0.209243476,0.0110171279,0.210872367,0.9774515]},{"Location":{"X":7.91970634,"Y":744.293762,"Z":2764.49023},"Vector":{"X":0.5028024,"Y":0.148847044,"Z":2764.49023},"JointType":5,"OrientationMatrix":[0.9994565,0.0322304256,-0.00691809272,-0.03277112,0.9941659,-0.102763116,0.00356563274,0.102933981,0.9946818]},{"Location":{"X":190.6739,"Y":733.2926,"Z":2787.16821},"Vector":{"X":0.566920042,"Y":0.15685226,"Z":2787.16821},"JointType":6,"OrientationMatrix":[0.7563228,0.65363,-0.02726886,-0.650399148,0.755762637,0.07618283,0.0704041645,-0.0398831666,0.9967209]},{"Location":{"X":411.3835,"Y":508.9869,"Z":2835.99341},"Vector":{"X":0.6418959,"Y":0.2659178,"Z":2835.99341},"JointType":7,"OrientationMatrix":[0.38814947,0.65363,0.649698257,-0.380003244,0.755762637,-0.5333108,-0.83960557,-0.0398831666,0.5417304]},{"Location":{"X":520.4538,"Y":486.223083,"Z":2572.39746},"Vector":{"X":0.6979121,"Y":0.253472984,"Z":2572.39746},"JointType":8,"OrientationMatrix":[0.376973063,0.65363,0.656246245,-0.370820016,0.755762637,-0.5397364,-0.8487543,-0.0398831666,0.5272812]},{"Location":{"X":542.2678,"Y":481.670319,"Z":2519.67822},"Vector":{"X":0.7105218,"Y":0.250671566,"Z":2519.67822},"JointType":9,"OrientationMatrix":[0.376973063,0.65363,0.656246245,-0.370820016,0.755762637,-0.5397364,-0.8487543,-0.0398831666,0.5272812]},{"Location":{"X":0.0,"Y":0.0,"Z":0.0},"Vector":{"X":0.0,"Y":0.0,"Z":0.0},"JointType":10,"OrientationMatrix":[1.0,0.0,0.0,0.0,1.0,0.0,0.0,0.0,1.0]},{"Location":{"X":7.91970634,"Y":744.293762,"Z":2764.49023},"Vector":{"X":0.5028024,"Y":0.148847044,"Z":2764.49023},"JointType":11,"OrientationMatrix":[0.9994565,0.0322304256,-0.00691809272,-0.03277112,0.9941659,-0.102763116,0.00356563274,0.102933981,0.9946818]},{"Location":{"X":-164.5738,"Y":749.4524,"Z":2780.94},"Vector":{"X":0.442110837,"Y":0.148504749,"Z":2780.94},"JointType":12,"OrientationMatrix":[0.3964452,-0.918045,-0.004964251,0.9091663,0.391848832,0.140965074,-0.127467036,-0.06039826,0.9900021]},{"Location":{"X":-288.13382,"Y":462.267639,"Z":2841.50024},"Vector":{"X":0.400808424,"Y":0.287815928,"Z":2841.50024},"JointType":13,"OrientationMatrix":[0.312105119,-0.918045,-0.244507328,0.808194637,0.391848832,-0.439631552,0.499411434,-0.06039826,0.864257038]},{"Location":{"X":-375.975464,"Y":236.63681,"Z":2688.949},"Vector":{"X":0.3632255,"Y":0.385219872,"Z":2688.949},"JointType":14,"OrientationMatrix":[0.314130366,-0.918045,-0.2418999,0.81182754,0.391848832,-0.4328863,0.4921973,-0.06039826,0.8683858]},{"Location":{"X":-393.5438,"Y":191.510651,"Z":2658.43872},"Vector":{"X":0.3551913,"Y":0.4060421,"Z":2658.43872},"JointType":15,"OrientationMatrix":[0.314130366,-0.918045,-0.2418999,0.81182754,0.391848832,-0.4328863,0.4921973,-0.06039826,0.8683858]},{"Location":{"X":0.0,"Y":0.0,"Z":0.0},"Vector":{"X":0.0,"Y":0.0,"Z":0.0},"JointType":16,"OrientationMatrix":[1.0,0.0,0.0,0.0,1.0,0.0,0.0,0.0,1.0]},{"Location":{"X":74.80756,"Y":194.704254,"Z":2703.43848},"Vector":{"X":0.5270681,"Y":0.406065315,"Z":2703.43848},"JointType":17,"OrientationMatrix":[0.98086834,0.0278197285,-0.192674354,-0.117425874,0.87395674,-0.471604466,0.155269131,0.485206842,0.860503256]},{"Location":{"X":76.39038,"Y":-195.956955,"Z":2482.27051},"Vector":{"X":0.530103564,"Y":0.6029624,"Z":2482.27051},"JointType":18,"OrientationMatrix":[0.98086834,0.120566458,-0.152843282,-0.117425874,0.992645,0.029444376,0.155269131,-0.0109332986,0.9878117]},{"Location":{"X":21.5170689,"Y":-649.578369,"Z":2489.77441},"Vector":{"X":0.5084538,"Y":0.840281665,"Z":2489.77441},"JointType":19,"OrientationMatrix":[0.98086834,0.120566458,-0.152843282,-0.117425874,0.992645,0.029444376,0.155269131,-0.0109332986,0.9878117]},{"Location":{"X":0.0,"Y":0.0,"Z":0.0},"Vector":{"X":0.0,"Y":0.0,"Z":0.0},"JointType":20,"OrientationMatrix":[1.0,0.0,0.0,0.0,1.0,0.0,0.0,0.0,1.0]},{"Location":{"X":-157.067032,"Y":211.242462,"Z":2693.35474},"Vector":{"X":0.442954719,"Y":0.397704959,"Z":2693.35474},"JointType":21,"OrientationMatrix":[0.983748,0.1758137,0.03646088,-0.1240842,0.8124436,-0.569682837,-0.129780456,0.5559001,0.8210555]},{"Location":{"X":-242.851822,"Y":-153.5923,"Z":2446.23022},"Vector":{"X":0.402888119,"Y":0.5818916,"Z":2446.23022},"JointType":22,"OrientationMatrix":[0.983748,0.153348669,0.0934025645,-0.1240842,0.956602633,-0.2636561,-0.129780456,0.247781411,0.9600841]},{"Location":{"X":-295.110718,"Y":-593.81,"Z":2335.24756},"Vector":{"X":0.3763824,"Y":0.8316513,"Z":2335.24756},"JointType":23,"OrientationMatrix":[0.983748,0.153348669,0.0934025645,-0.1240842,0.956602633,-0.2636561,-0.129780456,0.247781411,0.9600841]},{"Location":{"X":0.0,"Y":0.0,"Z":0.0},"Vector":{"X":0.0,"Y":0.0,"Z":0.0},"JointType":24,"OrientationMatrix":[1.0,0.0,0.0,0.0,1.0,0.0,0.0,0.0,1.0]}]}},{"Ticks":"1543237651036","Skeleton":{"Joints":[{"Location":{"X":0.0,"Y":0.0,"Z":0.0},"Vector":{"X":0.0,"Y":0.0,"Z":0.0},"JointType":0,"OrientationMatrix":[1.0,0.0,0.0,0.0,1.0,0.0,0.0,0.0,1.0]},{"Location":{"X":29.8060513,"Y":963.229248,"Z":2774.51953},"Vector":{"X":0.5105086,"Y":0.0471974239,"Z":2774.51953},"JointType":1,"OrientationMatrix":[0.994091,0.09738327,0.0479541868,-0.09371697,0.992879033,-0.0735412538,-0.0547743924,0.0686125755,0.9961386]},{"Location":{"X":27.1002274,"Y":827.8243,"Z":2766.133},"Vector":{"X":0.5095836,"Y":0.109669842,"Z":2766.133},"JointType":2,"OrientationMatrix":[0.994091,0.09738327,0.0479541868,-0.09371697,0.992879033,-0.0735412538,-0.0547743924,0.0686125755,0.9961386]},{"Location":{"X":-14.60231,"Y":462.3178,"Z":2748.05518},"Vector":{"X":0.494802147,"Y":0.280577,"Z":2748.05518},"JointType":3,"OrientationMatrix":[0.994091,0.09738327,0.0479541868,-0.09371697,0.992879033,-0.0735412538,-0.0547743924,0.0686125755,0.9961386]},{"Location":{"X":-32.92721,"Y":240.577347,"Z":2693.691},"Vector":{"X":0.488042653,"Y":0.383513927,"Z":2693.691},"JointType":4,"OrientationMatrix":[0.9958668,0.07344088,-0.05343962,-0.08298198,0.9748955,-0.206622228,0.0369235277,0.210202739,0.9769603]},{"Location":{"X":16.390583,"Y":733.958435,"Z":2761.49048},"Vector":{"X":0.505806,"Y":0.15334703,"Z":2761.49048},"JointType":5,"OrientationMatrix":[0.994091,0.09738327,0.0479541868,-0.09371697,0.992879033,-0.0735412538,-0.0547743924,0.0686125755,0.9961386]},{"Location":{"X":194.83139,"Y":711.7833,"Z":2772.59668},"Vector":{"X":0.5687386,"Y":0.1651671,"Z":2772.59668},"JointType":6,"OrientationMatrix":[0.7408008,0.641010463,-0.200797781,-0.671674967,0.7105154,-0.209810928,0.008178901,0.290298939,0.9569011]},{"Location":{"X":434.39505,"Y":497.2903,"Z":2759.48},"Vector":{"X":0.653987646,"Y":0.26495567,"Z":2759.48},"JointType":7,"OrientationMatrix":[0.3179589,0.641010463,0.6985755,0.09842387,0.7105154,-0.6967644,-0.9429819,0.290298939,0.16282396]},{"Location":{"X":520.2924,"Y":531.038,"Z":2488.40234},"Vector":{"X":0.704529166,"Y":0.2216623,"Z":2488.40234},"JointType":8,"OrientationMatrix":[0.2862893,0.641010463,0.712140441,0.129592717,0.7105154,-0.6916456,-0.9493388,0.290298939,0.120342657]},{"Location":{"X":537.4719,"Y":537.7876,"Z":2434.18677},"Vector":{"X":0.7159883,"Y":0.2118465,"Z":2434.18677},"JointType":9,"OrientationMatrix":[0.2862893,0.641010463,0.712140441,0.129592717,0.7105154,-0.6916456,-0.9493388,0.290298939,0.120342657]},{"Location":{"X":0.0,"Y":0.0,"Z":0.0},"Vector":{"X":0.0,"Y":0.0,"Z":0.0},"JointType":10,"OrientationMatrix":[1.0,0.0,0.0,0.0,1.0,0.0,0.0,0.0,1.0]},{"Location":{"X":16.390583,"Y":733.958435,"Z":2761.49048},"Vector":{"X":0.505806,"Y":0.15334703,"Z":2761.49048},"JointType":11,"OrientationMatrix":[0.994091,0.09738327,0.0479541868,-0.09371697,0.992879033,-0.0735412538,-0.0547743924,0.0686125755,0.9961386]},{"Location":{"X":-153.905762,"Y":734.6052,"Z":2779.84619},"Vector":{"X":0.445842028,"Y":0.155332565,"Z":2779.84619},"JointType":12,"OrientationMatrix":[0.361913025,-0.923425,0.127691656,0.8900859,0.383012861,0.247079551,-0.277067,0.0242352244,0.960544944]},{"Location":{"X":-277.348663,"Y":453.9045,"Z":2877.51416},"Vector":{"X":0.40571624,"Y":0.29426223,"Z":2877.51416},"JointType":13,"OrientationMatrix":[0.3571058,-0.923425,-0.140576139,0.834399939,0.383012861,-0.396330565,0.419824064,0.0242352244,0.9072819]},{"Location":{"X":-379.882568,"Y":222.853851,"Z":2742.96753},"Vector":{"X":0.364525676,"Y":0.394034,"Z":2742.96753},"JointType":14,"OrientationMatrix":[0.355548143,-0.923425,-0.144470468,0.8300187,0.383012861,-0.405425847,0.429714441,0.0242352244,0.902639568]},{"Location":{"X":-400.389343,"Y":176.643723,"Z":2716.058},"Vector":{"X":0.355797857,"Y":0.415174544,"Z":2716.058},"JointType":15,"OrientationMatrix":[0.355548143,-0.923425,-0.144470468,0.8300187,0.383012861,-0.405425847,0.429714441,0.0242352244,0.902639568]},{"Location":{"X":0.0,"Y":0.0,"Z":0.0},"Vector":{"X":0.0,"Y":0.0,"Z":0.0},"JointType":16,"OrientationMatrix":[1.0,0.0,0.0,0.0,1.0,0.0,0.0,0.0,1.0]},{"Location":{"X":77.81291,"Y":181.672531,"Z":2698.43555},"Vector":{"X":0.5282077,"Y":0.41218996,"Z":2698.43555},"JointType":17,"OrientationMatrix":[0.9682433,0.0242043026,-0.248835355,-0.140512988,0.875915647,-0.4615495,0.206787288,0.4818568,0.851500452]},{"Location":{"X":75.10615,"Y":-216.129929,"Z":2473.565},"Vector":{"X":0.52970165,"Y":0.6139616,"Z":2473.565},"JointType":18,"OrientationMatrix":[0.9682433,0.13603662,-0.209759191,-0.140512988,0.9900574,-0.00651551876,0.206787288,0.0357824974,0.977731347]},{"Location":{"X":7.23063469,"Y":-669.2012,"Z":2458.52271},"Vector":{"X":0.502876937,"Y":0.8550173,"Z":2458.52271},"JointType":19,"OrientationMatrix":[0.9682433,0.13603662,-0.209759191,-0.140512988,0.9900574,-0.00651551876,0.206787288,0.0357824974,0.977731347]},{"Location":{"X":0.0,"Y":0.0,"Z":0.0},"Vector":{"X":0.0,"Y":0.0,"Z":0.0},"JointType":20,"OrientationMatrix":[1.0,0.0,0.0,0.0,1.0,0.0,0.0,0.0,1.0]},{"Location":{"X":-151.48996,"Y":199.031616,"Z":2689.17261},"Vector":{"X":0.4448947,"Y":0.4034682,"Z":2689.17261},"JointType":21,"OrientationMatrix":[0.9902239,0.08542696,0.110267557,-0.00176332355,0.7981238,-0.6024909,-0.13947612,0.59640646,0.790471852]},{"Location":{"X":-194.18457,"Y":-160.683212,"Z":2410.599},"Vector":{"X":0.421201468,"Y":0.5869386,"Z":2410.599},"JointType":22,"OrientationMatrix":[0.9902239,0.03165934,0.135846913,-0.00176332355,0.976665258,-0.21476005,-0.13947612,0.212420985,0.96717304]},{"Location":{"X":-202.727081,"Y":-609.037537,"Z":2315.66553},"Vector":{"X":0.414362431,"Y":0.8430325,"Z":2315.66553},"JointType":23,"OrientationMatrix":[0.9902239,0.03165934,0.135846913,-0.00176332355,0.976665258,-0.21476005,-0.13947612,0.212420985,0.96717304]},{"Location":{"X":0.0,"Y":0.0,"Z":0.0},"Vector":{"X":0.0,"Y":0.0,"Z":0.0},"JointType":24,"OrientationMatrix":[1.0,0.0,0.0,0.0,1.0,0.0,0.0,0.0,1.0]}]}},{"Ticks":"1543237651078","Skeleton":{"Joints":[{"Location":{"X":0.0,"Y":0.0,"Z":0.0},"Vector":{"X":0.0,"Y":0.0,"Z":0.0},"JointType":0,"OrientationMatrix":[1.0,0.0,0.0,0.0,1.0,0.0,0.0,0.0,1.0]},{"Location":{"X":31.6747227,"Y":942.993,"Z":2772.055},"Vector":{"X":0.511177361,"Y":0.05631613,"Z":2772.055},"JointType":1,"OrientationMatrix":[0.993034,0.103012167,0.05720122,-0.0987589359,0.992446363,-0.0727795,-0.064266324,0.06662338,0.9957064]},{"Location":{"X":29.9353218,"Y":807.281,"Z":2761.305},"Vector":{"X":0.5106047,"Y":0.118690722,"Z":2761.305},"JointType":2,"OrientationMatrix":[0.993034,0.103012167,0.05720122,-0.0987589359,0.992446363,-0.0727795,-0.064266324,0.06662338,0.9957064]},{"Location":{"X":-12.2471237,"Y":441.773621,"Z":2744.732},"Vector":{"X":0.4956352,"Y":0.290073723,"Z":2744.732},"JointType":3,"OrientationMatrix":[0.993034,0.103012167,0.05720122,-0.0987589359,0.992446363,-0.0727795,-0.064266324,0.06662338,0.9957064]},{"Location":{"X":-29.5303783,"Y":219.898727,"Z":2690.57544},"Vector":{"X":0.489263773,"Y":0.3934031,"Z":2690.57544},"JointType":4,"OrientationMatrix":[0.9957965,0.07590432,-0.05126285,-0.08526367,0.972643137,-0.216091141,0.0334582143,0.219553664,0.975026548]},{"Location":{"X":19.101984,"Y":713.411,"Z":2757.04858},"Vector":{"X":0.5067774,"Y":0.16250883,"Z":2757.04858},"JointType":5,"OrientationMatrix":[0.993034,0.103012167,0.05720122,-0.0987589359,0.992446363,-0.0727795,-0.064266324,0.06662338,0.9957064]},{"Location":{"X":196.624069,"Y":689.1288,"Z":2772.054},"Vector":{"X":0.569384634,"Y":0.175760657,"Z":2772.054},"JointType":6,"OrientationMatrix":[0.760739446,0.6406591,-0.104074113,-0.641613841,0.718070149,-0.269642264,-0.09801626,0.2719029,0.957320035]},{"Location":{"X":441.356354,"Y":483.5728,"Z":2718.45117},"Vector":{"X":0.6588167,"Y":0.267989665,"Z":2718.45117},"JointType":7,"OrientationMatrix":[0.00355015765,0.6406591,0.7678172,0.3513467,0.718070149,-0.6007752,-0.9362387,0.2719029,-0.2225442]},{"Location":{"X":440.339966,"Y":586.590759,"Z":2454.47778},"Vector":{"X":0.675492,"Y":0.188295454,"Z":2454.47778},"JointType":8,"OrientationMatrix":[-0.05121731,0.6406591,0.7661153,0.393297553,0.718070149,-0.5741884,-0.9179836,0.2719029,-0.288747281]},{"Location":{"X":440.1367,"Y":607.194336,"Z":2401.683},"Vector":{"X":0.6792669,"Y":0.1702544,"Z":2401.683},"JointType":9,"OrientationMatrix":[-0.05121731,0.6406591,0.7661153,0.393297553,0.718070149,-0.5741884,-0.9179836,0.2719029,-0.288747281]},{"Location":{"X":0.0,"Y":0.0,"Z":0.0},"Vector":{"X":0.0,"Y":0.0,"Z":0.0},"JointType":10,"OrientationMatrix":[1.0,0.0,0.0,0.0,1.0,0.0,0.0,0.0,1.0]},{"Location":{"X":19.101984,"Y":713.411,"Z":2757.04858},"Vector":{"X":0.5067774,"Y":0.16250883,"Z":2757.04858},"JointType":11,"OrientationMatrix":[0.993034,0.103012167,0.05720122,-0.0987589359,0.992446363,-0.0727795,-0.064266324,0.06662338,0.9957064]},{"Location":{"X":-154.708389,"Y":720.898865,"Z":2778.78247},"Vector":{"X":0.445538759,"Y":0.161633939,"Z":2778.78247},"JointType":12,"OrientationMatrix":[0.3592672,-0.9195637,0.159152865,0.880471647,0.390519917,0.2688194,-0.3093489,0.0435515977,0.9499508]},{"Location":{"X":-275.223755,"Y":439.265564,"Z":2884.51416},"Vector":{"X":0.406665653,"Y":0.301380664,"Z":2884.51416},"JointType":13,"OrientationMatrix":[0.378209949,-0.9195637,-0.106582291,0.849573851,0.390519917,-0.354567975,0.367670357,0.0435515977,0.9289358]},{"Location":{"X":-381.991638,"Y":203.29509,"Z":2769.56079},"Vector":{"X":0.3650816,"Y":0.404262275,"Z":2769.56079},"JointType":14,"OrientationMatrix":[0.377168745,-0.9195637,-0.110210165,0.846129,0.390519917,-0.362711936,0.376576,0.0435515977,0.925361454]},{"Location":{"X":-403.3452,"Y":156.101,"Z":2746.57},"Vector":{"X":0.356347054,"Y":0.425872028,"Z":2746.57},"JointType":15,"OrientationMatrix":[0.377168745,-0.9195637,-0.110210165,0.846129,0.390519917,-0.362711936,0.376576,0.0435515977,0.925361454]},{"Location":{"X":0.0,"Y":0.0,"Z":0.0},"Vector":{"X":0.0,"Y":0.0,"Z":0.0},"JointType":16,"OrientationMatrix":[1.0,0.0,0.0,0.0,1.0,0.0,0.0,0.0,1.0]},{"Location":{"X":80.7681656,"Y":166.3883,"Z":2695.265},"Vector":{"X":0.529313445,"Y":0.419482857,"Z":2695.265},"JointType":17,"OrientationMatrix":[0.9685018,0.019987246,-0.248203069,-0.139226615,0.8698724,-0.473220885,0.2064466,0.492871761,0.845255733]},{"Location":{"X":75.4258347,"Y":-229.126556,"Z":2461.47974},"Vector":{"X":0.5299745,"Y":0.6214077,"Z":2461.47974},"JointType":18,"OrientationMatrix":[0.9685018,0.139532924,-0.2062397,-0.139226615,0.9901301,0.0160712283,0.2064466,0.0131490408,0.978369534]},{"Location":{"X":8.215008,"Y":-677.884033,"Z":2458.83472},"Vector":{"X":0.5032682,"Y":0.859577954,"Z":2458.83472},"JointType":19,"OrientationMatrix":[0.9685018,0.139532924,-0.2062397,-0.139226615,0.9901301,0.0160712283,0.2064466,0.0131490408,0.978369534]},{"Location":{"X":0.0,"Y":0.0,"Z":0.0},"Vector":{"X":0.0,"Y":0.0,"Z":0.0},"JointType":20,"OrientationMatrix":[1.0,0.0,0.0,0.0,1.0,0.0,0.0,0.0,1.0]},{"Location":{"X":-146.774033,"Y":184.364471,"Z":2683.60645},"Vector":{"X":0.4464994,"Y":0.410396427,"Z":2683.60645},"JointType":21,"OrientationMatrix":[0.98783493,0.04342068,0.149320945,0.06065123,0.776601851,-0.627065361,-0.143190533,0.628493547,0.764520943]},{"Location":{"X":-174.028717,"Y":-167.903366,"Z":2389.87085},"Vector":{"X":0.428768069,"Y":0.591633,"Z":2389.87085},"JointType":22,"OrientationMatrix":[0.98783493,-0.03944808,0.150419235,0.06065123,0.988420367,-0.139092058,-0.143190533,0.1465231,0.9787888]},{"Location":{"X":-146.315445,"Y":-616.3326,"Z":2326.22559},"Vector":{"X":0.4384729,"Y":0.845565438,"Z":2326.22559},"JointType":23,"OrientationMatrix":[0.98783493,-0.03944808,0.150419235,0.06065123,0.988420367,-0.139092058,-0.143190533,0.1465231,0.9787888]},{"Location":{"X":0.0,"Y":0.0,"Z":0.0},"Vector":{"X":0.0,"Y":0.0,"Z":0.0},"JointType":24,"OrientationMatrix":[1.0,0.0,0.0,0.0,1.0,0.0,0.0,0.0,1.0]}]}},{"Ticks":"1543237651123","Skeleton":{"Joints":[{"Location":{"X":0.0,"Y":0.0,"Z":0.0},"Vector":{"X":0.0,"Y":0.0,"Z":0.0},"JointType":0,"OrientationMatrix":[1.0,0.0,0.0,0.0,1.0,0.0,0.0,0.0,1.0]},{"Location":{"X":36.64992,"Y":923.956665,"Z":2770.175},"Vector":{"X":0.5129418,"Y":0.06497782,"Z":2770.175},"JointType":1,"OrientationMatrix":[0.9937696,0.0968089253,0.05522678,-0.0927718058,0.9931168,-0.07150093,-0.0617685728,0.06593195,0.995910466]},{"Location":{"X":33.96215,"Y":788.2381,"Z":2755.711},"Vector":{"X":0.512055635,"Y":0.126929611,"Z":2755.711},"JointType":2,"OrientationMatrix":[0.9937696,0.0968089253,0.05522678,-0.0927718058,0.9931168,-0.07150093,-0.0617685728,0.06593195,0.995910466]},{"Location":{"X":-8.669758,"Y":422.4697,"Z":2740.36157},"Vector":{"X":0.496905237,"Y":0.298926562,"Z":2740.36157},"JointType":3,"OrientationMatrix":[0.9937696,0.0968089253,0.05522678,-0.0927718058,0.9931168,-0.07150093,-0.0617685728,0.06593195,0.995910466]},{"Location":{"X":-23.9126949,"Y":200.275177,"Z":2686.90723},"Vector":{"X":0.4912943,"Y":0.4027832,"Z":2686.90723},"JointType":4,"OrientationMatrix":[0.9975422,0.06196298,-0.0327135734,-0.06755938,0.974379063,-0.214525476,0.0185827818,0.216208309,0.9761704]},{"Location":{"X":23.0210381,"Y":694.3668,"Z":2751.77173},"Vector":{"X":0.508183539,"Y":0.170888111,"Z":2751.77173},"JointType":5,"OrientationMatrix":[0.9937696,0.0968089253,0.05522678,-0.0927718058,0.9931168,-0.07150093,-0.0617685728,0.06593195,0.995910466]},{"Location":{"X":206.732666,"Y":679.339233,"Z":2769.18237},"Vector":{"X":0.573027432,"Y":0.180035248,"Z":2769.18237},"JointType":6,"OrientationMatrix":[0.739985645,0.670429468,-0.0542729571,-0.6384717,0.674740255,-0.370242447,-0.2116013,0.308625847,0.9273484]},{"Location":{"X":439.264343,"Y":470.478149,"Z":2678.98364},"Vector":{"X":0.6603925,"Y":0.2709468,"Z":2678.98364},"JointType":7,"OrientationMatrix":[-0.177296966,0.670429468,0.7204791,0.549587965,0.674740255,-0.492624253,-0.8164061,0.308625847,-0.488089353]},{"Location":{"X":388.439331,"Y":627.4265,"Z":2446.737},"Vector":{"X":0.6552974,"Y":0.165541232,"Z":2446.737},"JointType":8,"OrientationMatrix":[-0.234634444,0.670429468,0.703897,0.5874062,0.674740255,-0.4468552,-0.774532557,0.308625847,-0.5521317]},{"Location":{"X":378.274323,"Y":658.816162,"Z":2400.28784},"Vector":{"X":0.65416,"Y":0.142012432,"Z":2400.28784},"JointType":9,"OrientationMatrix":[-0.234634444,0.670429468,0.703897,0.5874062,0.674740255,-0.4468552,-0.774532557,0.308625847,-0.5521317]},{"Location":{"X":0.0,"Y":0.0,"Z":0.0},"Vector":{"X":0.0,"Y":0.0,"Z":0.0},"JointType":10,"OrientationMatrix":[1.0,0.0,0.0,0.0,1.0,0.0,0.0,0.0,1.0]},{"Location":{"X":23.0210381,"Y":694.3668,"Z":2751.77173},"Vector":{"X":0.508183539,"Y":0.170888111,"Z":2751.77173},"JointType":11,"OrientationMatrix":[0.9937696,0.0968089253,0.05522678,-0.0927718058,0.9931168,-0.07150093,-0.0617685728,0.06593195,0.995910466]},{"Location":{"X":-150.665863,"Y":700.921753,"Z":2769.06958},"Vector":{"X":0.446775764,"Y":0.169856548,"Z":2769.06958},"JointType":12,"OrientationMatrix":[0.367681742,-0.9183539,0.14641127,0.8531581,0.395760179,0.339845657,-0.370042354,-4.30730652E-05,0.929014862]},{"Location":{"X":-274.871216,"Y":429.499634,"Z":2898.4248},"Vector":{"X":0.407232583,"Y":0.3067285,"Z":2898.4248},"JointType":13,"OrientationMatrix":[0.360771656,-0.9183539,-0.162695825,0.83720845,0.395760179,-0.37743333,0.4110059,-4.30730652E-05,0.911632657]},{"Location":{"X":-376.550537,"Y":194.638382,"Z":2773.30127},"Vector":{"X":0.367182761,"Y":0.4084626,"Z":2773.30127},"JointType":14,"OrientationMatrix":[0.3569709,-0.9183539,-0.17087388,0.828391135,0.395760179,-0.3964114,0.431671023,-4.30730652E-05,0.9020311]},{"Location":{"X":-396.8864,"Y":147.666138,"Z":2748.27661},"Vector":{"X":0.358735144,"Y":0.429921061,"Z":2748.27661},"JointType":15,"OrientationMatrix":[0.3569709,-0.9183539,-0.17087388,0.828391135,0.395760179,-0.3964114,0.431671023,-4.30730652E-05,0.9020311]},{"Location":{"X":0.0,"Y":0.0,"Z":0.0},"Vector":{"X":0.0,"Y":0.0,"Z":0.0},"JointType":16,"OrientationMatrix":[1.0,0.0,0.0,0.0,1.0,0.0,0.0,0.0,1.0]},{"Location":{"X":85.68208,"Y":152.648529,"Z":2691.5686},"Vector":{"X":0.531139553,"Y":0.426030248,"Z":2691.5686},"JointType":17,"OrientationMatrix":[0.984823465,0.0133801689,-0.173042625,-0.1029234,0.8478176,-0.5202038,0.139748171,0.530119061,0.8363278]},{"Location":{"X":76.66884,"Y":-234.769012,"Z":2443.08936},"Vector":{"X":0.5306978,"Y":0.625333846,"Z":2443.08936},"JointType":18,"OrientationMatrix":[0.984823465,0.105869308,-0.13752988,-0.1029234,0.9942844,0.0283780023,0.139748171,-0.0137922792,0.990091]},{"Location":{"X":35.9010124,"Y":-682.2141,"Z":2446.18213},"Vector":{"X":0.514356434,"Y":0.8637466,"Z":2446.18213},"JointType":19,"OrientationMatrix":[0.984823465,0.105869308,-0.13752988,-0.1029234,0.9942844,0.0283780023,0.139748171,-0.0137922792,0.990091]},{"Location":{"X":0.0,"Y":0.0,"Z":0.0},"Vector":{"X":0.0,"Y":0.0,"Z":0.0},"JointType":20,"OrientationMatrix":[1.0,0.0,0.0,0.0,1.0,0.0,0.0,0.0,1.0]},{"Location":{"X":-138.005463,"Y":167.452545,"Z":2674.29248},"Vector":{"X":0.449520439,"Y":0.4183324,"Z":2674.29248},"JointType":21,"OrientationMatrix":[0.965704143,0.0434024,0.2559917,0.144711316,0.72862947,-0.6694459,-0.215578645,0.6835315,0.6973597]},{"Location":{"X":-160.744888,"Y":-171.756348,"Z":2363.912},"Vector":{"X":0.4334828,"Y":0.594765067,"Z":2363.912},"JointType":22,"OrientationMatrix":[0.965704143,-0.1322648,0.223431274,0.144711316,0.98865664,-0.04020854,-0.215578645,0.07116259,0.97389]},{"Location":{"X":-93.51179,"Y":-614.8514,"Z":2331.89355},"Vector":{"X":0.460772932,"Y":0.843897045,"Z":2331.89355},"JointType":23,"OrientationMatrix":[0.965704143,-0.1322648,0.223431274,0.144711316,0.98865664,-0.04020854,-0.215578645,0.07116259,0.97389]},{"Location":{"X":0.0,"Y":0.0,"Z":0.0},"Vector":{"X":0.0,"Y":0.0,"Z":0.0},"JointType":24,"OrientationMatrix":[1.0,0.0,0.0,0.0,1.0,0.0,0.0,0.0,1.0]}]}},{"Ticks":"1543237651178","Skeleton":{"Joints":[{"Location":{"X":0.0,"Y":0.0,"Z":0.0},"Vector":{"X":0.0,"Y":0.0,"Z":0.0},"JointType":0,"OrientationMatrix":[1.0,0.0,0.0,0.0,1.0,0.0,0.0,0.0,1.0]},{"Location":{"X":48.60345,"Y":898.3045,"Z":2759.85},"Vector":{"X":0.517227054,"Y":0.07547321,"Z":2759.85},"JointType":1,"OrientationMatrix":[0.996773064,0.07700984,0.0226492137,-0.0752563551,0.994696558,-0.07010905,-0.027928181,0.06817831,0.997282147]},{"Location":{"X":42.4563026,"Y":762.1537,"Z":2745.5293},"Vector":{"X":0.5151267,"Y":0.137937546,"Z":2745.5293},"JointType":2,"OrientationMatrix":[0.996773064,0.07700984,0.0226492137,-0.0752563551,0.994696558,-0.07010905,-0.027928181,0.06817831,0.997282147]},{"Location":{"X":10.4362183,"Y":394.28714,"Z":2727.2583},"Vector":{"X":0.503743231,"Y":0.311438382,"Z":2727.2583},"JointType":3,"OrientationMatrix":[0.996773064,0.07700984,0.0226492137,-0.0752563551,0.994696558,-0.07010905,-0.027928181,0.06817831,0.997282147]},{"Location":{"X":-1.75582886,"Y":171.563522,"Z":2675.24243},"Vector":{"X":0.499358,"Y":0.41635713,"Z":2675.24243},"JointType":4,"OrientationMatrix":[0.9962687,0.05643447,-0.065298,-0.06857655,0.977000833,-0.2019074,0.0524016619,0.205631927,0.9772254]},{"Location":{"X":34.2640724,"Y":668.036255,"Z":2740.85474},"Vector":{"X":0.5122287,"Y":0.182106957,"Z":2740.85474},"JointType":5,"OrientationMatrix":[0.996773064,0.07700984,0.0226492137,-0.0752563551,0.994696558,-0.07010905,-0.027928181,0.06817831,0.997282147]},{"Location":{"X":213.282043,"Y":651.795349,"Z":2751.90625},"Vector":{"X":0.5758139,"Y":0.191080987,"Z":2751.90625},"JointType":6,"OrientationMatrix":[0.6460991,0.757548749,0.09314435,-0.6104764,0.586158156,-0.5326699,-0.458120733,0.2872951,0.8411819]},{"Location":{"X":417.4233,"Y":457.9986,"Z":2593.85449},"Vector":{"X":0.6574198,"Y":0.269704431,"Z":2593.85449},"JointType":7,"OrientationMatrix":[-0.407078832,0.757548749,0.5103006,0.7682522,0.586158156,-0.257307529,-0.494039863,0.2872951,-0.8206011]},{"Location":{"X":301.433655,"Y":677.9615,"Z":2453.54443},"Vector":{"X":0.620178342,"Y":0.139605537,"Z":2453.54443},"JointType":8,"OrientationMatrix":[-0.444779962,0.757548749,0.477797717,0.7856253,0.586158156,-0.198018968,-0.430074066,0.2872951,-0.8558609]},{"Location":{"X":278.235718,"Y":721.954041,"Z":2425.48242},"Vector":{"X":0.612212956,"Y":0.111779533,"Z":2425.48242},"JointType":9,"OrientationMatrix":[-0.444779962,0.757548749,0.477797717,0.7856253,0.586158156,-0.198018968,-0.430074066,0.2872951,-0.8558609]},{"Location":{"X":0.0,"Y":0.0,"Z":0.0},"Vector":{"X":0.0,"Y":0.0,"Z":0.0},"JointType":10,"OrientationMatrix":[1.0,0.0,0.0,0.0,1.0,0.0,0.0,0.0,1.0]},{"Location":{"X":34.2640724,"Y":668.036255,"Z":2740.85474},"Vector":{"X":0.5122287,"Y":0.182106957,"Z":2740.85474},"JointType":11,"OrientationMatrix":[0.996773064,0.07700984,0.0226492137,-0.0752563551,0.994696558,-0.07010905,-0.027928181,0.06817831,0.997282147]},{"Location":{"X":-140.679169,"Y":673.7901,"Z":2752.90039},"Vector":{"X":0.4500118,"Y":0.180771872,"Z":2752.90039},"JointType":12,"OrientationMatrix":[0.38245672,-0.9050305,0.186136127,0.8112903,0.425339937,0.401115924,-0.44219327,-0.00239905133,0.896916568]},{"Location":{"X":-267.689026,"Y":415.8184,"Z":2899.633},"Vector":{"X":0.409694135,"Y":0.312962949,"Z":2899.633},"JointType":13,"OrientationMatrix":[0.400831163,-0.9050305,-0.142317221,0.8547412,0.425339937,-0.2974952,0.3297754,-0.00239905133,0.9440564]},{"Location":{"X":-381.893616,"Y":174.238937,"Z":2799.03027},"Vector":{"X":0.366536319,"Y":0.4188096,"Z":2799.03027},"JointType":14,"OrientationMatrix":[0.3976826,-0.9050305,-0.15089184,0.848155737,0.425339937,-0.3157813,0.349972,-0.00239905133,0.9367571]},{"Location":{"X":-404.734528,"Y":125.92305,"Z":2778.90967},"Vector":{"X":0.3575298,"Y":0.4408986,"Z":2778.90967},"JointType":15,"OrientationMatrix":[0.3976826,-0.9050305,-0.15089184,0.848155737,0.425339937,-0.3157813,0.349972,-0.00239905133,0.9367571]},{"Location":{"X":0.0,"Y":0.0,"Z":0.0},"Vector":{"X":0.0,"Y":0.0,"Z":0.0},"JointType":16,"OrientationMatrix":[1.0,0.0,0.0,0.0,1.0,0.0,0.0,0.0,1.0]},{"Location":{"X":109.066162,"Y":139.952,"Z":2682.2334},"Vector":{"X":0.539776,"Y":0.431946665,"Z":2682.2334},"JointType":17,"OrientationMatrix":[0.996327162,0.0332185738,-0.07892251,-0.06717081,0.8748265,-0.479756862,0.0531066656,0.4832961,0.8738447]},{"Location":{"X":76.9779358,"Y":-266.090057,"Z":2463.15063},"Vector":{"X":0.530570567,"Y":0.6408979,"Z":2463.15063},"JointType":18,"OrientationMatrix":[0.996327162,0.0612588,-0.0598297231,-0.06717081,0.9924731,-0.102397159,0.0531066656,0.106039874,0.9929427]},{"Location":{"X":72.09341,"Y":-707.623047,"Z":2402.84741},"Vector":{"X":0.529349267,"Y":0.884098649,"Z":2402.84741},"JointType":19,"OrientationMatrix":[0.996327162,0.0612588,-0.0598297231,-0.06717081,0.9924731,-0.102397159,0.0531066656,0.106039874,0.9929427]},{"Location":{"X":0.0,"Y":0.0,"Z":0.0},"Vector":{"X":0.0,"Y":0.0,"Z":0.0},"JointType":20,"OrientationMatrix":[1.0,0.0,0.0,0.0,1.0,0.0,0.0,0.0,1.0]},{"Location":{"X":-113.859886,"Y":152.276657,"Z":2660.27515},"Vector":{"X":0.458132923,"Y":0.425342441,"Z":2660.27515},"JointType":21,"OrientationMatrix":[0.954047,0.07971582,0.288859159,0.152673915,0.7001577,-0.697473943,-0.257846683,0.7095242,0.65581286]},{"Location":{"X":-152.088745,"Y":-178.949142,"Z":2339.76782},"Vector":{"X":0.436415285,"Y":0.5997525,"Z":2339.76782},"JointType":22,"OrientationMatrix":[0.954047,-0.158654317,0.254210621,0.152673915,0.9873312,0.0432171822,-0.257846683,-0.0024198934,0.9661828]},{"Location":{"X":-78.1521454,"Y":-618.4278,"Z":2341.65552},"Vector":{"X":0.467352778,"Y":0.8444554,"Z":2341.65552},"JointType":23,"OrientationMatrix":[0.954047,-0.158654317,0.254210621,0.152673915,0.9873312,0.0432171822,-0.257846683,-0.0024198934,0.9661828]},{"Location":{"X":0.0,"Y":0.0,"Z":0.0},"Vector":{"X":0.0,"Y":0.0,"Z":0.0},"JointType":24,"OrientationMatrix":[1.0,0.0,0.0,0.0,1.0,0.0,0.0,0.0,1.0]}]}},{"Ticks":"1543237651226","Skeleton":{"Joints":[{"Location":{"X":0.0,"Y":0.0,"Z":0.0},"Vector":{"X":0.0,"Y":0.0,"Z":0.0},"JointType":0,"OrientationMatrix":[1.0,0.0,0.0,0.0,1.0,0.0,0.0,0.0,1.0]},{"Location":{"X":56.59845,"Y":892.5235,"Z":2756.16333},"Vector":{"X":0.5200876,"Y":0.07764103,"Z":2756.16333},"JointType":1,"OrientationMatrix":[0.9981274,0.060800273,0.00671239058,-0.06015532,0.995549,-0.07254951,-0.0110935438,0.07200987,0.9973422]},{"Location":{"X":46.72179,"Y":757.700439,"Z":2743.051},"Vector":{"X":0.5166615,"Y":0.139727876,"Z":2743.051},"JointType":2,"OrientationMatrix":[0.9981274,0.060800273,0.00671239058,-0.06015532,0.995549,-0.07254951,-0.0110935438,0.07200987,0.9973422]},{"Location":{"X":23.4884834,"Y":388.45462,"Z":2723.47949},"Vector":{"X":0.508436441,"Y":0.3139699,"Z":2723.47949},"JointType":3,"OrientationMatrix":[0.9981274,0.060800273,0.00671239058,-0.06015532,0.995549,-0.07254951,-0.0110935438,0.07200987,0.9973422]},{"Location":{"X":7.834078,"Y":165.960281,"Z":2671.40918},"Vector":{"X":0.502868652,"Y":0.41897282,"Z":2671.40918},"JointType":4,"OrientationMatrix":[0.993942857,0.07163673,-0.08334162,-0.08657217,0.9775227,-0.192235962,0.06769717,0.198286623,0.9778034]},{"Location":{"X":40.7902069,"Y":663.430054,"Z":2738.0542},"Vector":{"X":0.51457274,"Y":0.183975965,"Z":2738.0542},"JointType":5,"OrientationMatrix":[0.9981274,0.060800273,0.00671239058,-0.06015532,0.995549,-0.07254951,-0.0110935438,0.07200987,0.9973422]},{"Location":{"X":220.6417,"Y":654.160767,"Z":2752.02051},"Vector":{"X":0.5784267,"Y":0.189972773,"Z":2752.02051},"JointType":6,"OrientationMatrix":[0.5334005,0.823601842,0.1927794,-0.6327611,0.5397633,-0.555219769,-0.561335266,0.174171165,0.809053242]},{"Location":{"X":387.451416,"Y":452.7013,"Z":2565.828},"Vector":{"X":0.647712767,"Y":0.269881666,"Z":2565.828},"JointType":7,"OrientationMatrix":[-0.4523945,0.823601842,0.342080742,0.810409665,0.5397633,-0.227797583,-0.3722571,0.174171165,-0.9116408]},{"Location":{"X":259.463348,"Y":686.4487,"Z":2454.92383},"Vector":{"X":0.603387058,"Y":0.1352989,"Z":2454.92383},"JointType":8,"OrientationMatrix":[-0.4730764,0.823601842,0.312855721,0.823167741,0.5397633,-0.1762116,-0.313996226,0.174171165,-0.9333117]},{"Location":{"X":233.865738,"Y":733.198242,"Z":2432.743},"Vector":{"X":0.594036937,"Y":0.106909804,"Z":2432.743},"JointType":9,"OrientationMatrix":[-0.4730764,0.823601842,0.312855721,0.823167741,0.5397633,-0.1762116,-0.313996226,0.174171165,-0.9333117]},{"Location":{"X":0.0,"Y":0.0,"Z":0.0},"Vector":{"X":0.0,"Y":0.0,"Z":0.0},"JointType":10,"OrientationMatrix":[1.0,0.0,0.0,0.0,1.0,0.0,0.0,0.0,1.0]},{"Location":{"X":40.7902069,"Y":663.430054,"Z":2738.0542},"Vector":{"X":0.51457274,"Y":0.183975965,"Z":2738.0542},"JointType":11,"OrientationMatrix":[0.9981274,0.060800273,0.00671239058,-0.06015532,0.995549,-0.07254951,-0.0110935438,0.07200987,0.9973422]},{"Location":{"X":-137.926712,"Y":675.28656,"Z":2755.77661},"Vector":{"X":0.451040983,"Y":0.18039681,"Z":2755.77661},"JointType":12,"OrientationMatrix":[0.365041047,-0.8969075,0.249603614,0.790961742,0.4401914,0.42498365,-0.4910444,0.04229043,0.8701074]},{"Location":{"X":-255.796,"Y":417.807,"Z":2907.07178},"Vector":{"X":0.413927138,"Y":0.312549323,"Z":2907.07178},"JointType":13,"OrientationMatrix":[0.429917067,-0.8969075,-0.103577271,0.845562637,0.4401914,-0.302085,0.316536129,0.04229043,0.94763726]},{"Location":{"X":-381.257263,"Y":176.362747,"Z":2810.72534},"Vector":{"X":0.367313117,"Y":0.4181619,"Z":2810.72534},"JointType":14,"OrientationMatrix":[0.427360445,-0.8969075,-0.113666058,0.838219345,0.4401914,-0.321900427,0.338749737,0.04229043,0.9399256]},{"Location":{"X":-406.349518,"Y":128.0739,"Z":2791.456},"Vector":{"X":0.3576042,"Y":0.4401593,"Z":2791.456},"JointType":15,"OrientationMatrix":[0.427360445,-0.8969075,-0.113666058,0.838219345,0.4401914,-0.321900427,0.338749737,0.04229043,0.9399256]},{"Location":{"X":0.0,"Y":0.0,"Z":0.0},"Vector":{"X":0.0,"Y":0.0,"Z":0.0},"JointType":16,"OrientationMatrix":[1.0,0.0,0.0,0.0,1.0,0.0,0.0,0.0,1.0]},{"Location":{"X":120.793221,"Y":137.8079,"Z":2685.64136},"Vector":{"X":0.54399693,"Y":0.433074266,"Z":2685.64136},"JointType":17,"OrientationMatrix":[0.9959816,0.083862856,0.0314288624,-0.05993129,0.8848826,-0.461942554,-0.06655068,0.4582027,0.8863528]},{"Location":{"X":68.73621,"Y":-272.745056,"Z":2469.614},"Vector":{"X":0.5272261,"Y":0.644043863,"Z":2469.614},"JointType":18,"OrientationMatrix":[0.9959816,0.06350903,0.0631455,-0.05993129,0.9965723,-0.057025224,-0.06655068,0.05301168,0.996373832]},{"Location":{"X":56.31839,"Y":-716.9716,"Z":2436.04346},"Vector":{"X":0.522614837,"Y":0.8838698,"Z":2436.04346},"JointType":19,"OrientationMatrix":[0.9959816,0.06350903,0.0631455,-0.05993129,0.9965723,-0.057025224,-0.06655068,0.05301168,0.996373832]},{"Location":{"X":0.0,"Y":0.0,"Z":0.0},"Vector":{"X":0.0,"Y":0.0,"Z":0.0},"JointType":20,"OrientationMatrix":[1.0,0.0,0.0,0.0,1.0,0.0,0.0,0.0,1.0]},{"Location":{"X":-107.231033,"Y":153.420349,"Z":2661.24243},"Vector":{"X":0.46058473,"Y":0.424809039,"Z":2661.24243},"JointType":21,"OrientationMatrix":[0.9648224,0.08142162,0.2499765,0.119584464,0.7108593,-0.6930935,-0.234130919,0.6986054,0.6761162]},{"Location":{"X":-145.632431,"Y":-183.642654,"Z":2340.54736},"Vector":{"X":0.439134836,"Y":0.602334738,"Z":2340.54736},"JointType":22,"OrientationMatrix":[0.9648224,-0.132126108,0.227289289,0.119584464,0.990482,0.06815441,-0.234130919,-0.0385766327,0.9714394]},{"Location":{"X":-85.13688,"Y":-624.8909,"Z":2356.631},"Vector":{"X":0.464660972,"Y":0.8458435,"Z":2356.631},"JointType":23,"OrientationMatrix":[0.9648224,-0.132126108,0.227289289,0.119584464,0.990482,0.06815441,-0.234130919,-0.0385766327,0.9714394]},{"Location":{"X":0.0,"Y":0.0,"Z":0.0},"Vector":{"X":0.0,"Y":0.0,"Z":0.0},"JointType":24,"OrientationMatrix":[1.0,0.0,0.0,0.0,1.0,0.0,0.0,0.0,1.0]}]}},{"Ticks":"1543237651268","Skeleton":{"Joints":[{"Location":{"X":0.0,"Y":0.0,"Z":0.0},"Vector":{"X":0.0,"Y":0.0,"Z":0.0},"JointType":0,"OrientationMatrix":[1.0,0.0,0.0,0.0,1.0,0.0,0.0,0.0,1.0]},{"Location":{"X":79.89128,"Y":900.199463,"Z":2743.03931},"Vector":{"X":0.5284902,"Y":0.07197047,"Z":2743.03931},"JointType":1,"OrientationMatrix":[0.997539341,0.0537020266,0.04507117,-0.0513690151,0.9973553,-0.0514161959,-0.0477131233,0.0489744172,0.997659743]},{"Location":{"X":60.1602249,"Y":765.210266,"Z":2737.17725},"Vector":{"X":0.5214998,"Y":0.1353763,"Z":2737.17725},"JointType":2,"OrientationMatrix":[0.997539341,0.0537020266,0.04507117,-0.0513690151,0.9973553,-0.0514161959,-0.0477131233,0.0489744172,0.997659743]},{"Location":{"X":45.9877853,"Y":393.61026,"Z":2723.66235},"Vector":{"X":0.5165165,"Y":0.311513543,"Z":2723.66235},"JointType":3,"OrientationMatrix":[0.997539341,0.0537020266,0.04507117,-0.0513690151,0.9973553,-0.0514161959,-0.0477131233,0.0489744172,0.997659743]},{"Location":{"X":21.9022541,"Y":172.674911,"Z":2668.27661},"Vector":{"X":0.508029461,"Y":0.415595531,"Z":2668.27661},"JointType":4,"OrientationMatrix":[0.986410856,0.105468586,-0.125976011,-0.126719177,0.976423144,-0.174757123,0.104574509,0.188345909,0.976519346]},{"Location":{"X":56.5577049,"Y":670.7525,"Z":2733.742},"Vector":{"X":0.5202378,"Y":0.179983914,"Z":2733.742},"JointType":5,"OrientationMatrix":[0.997539341,0.0537020266,0.04507117,-0.0513690151,0.9973553,-0.0514161959,-0.0477131233,0.0489744172,0.997659743]},{"Location":{"X":237.377777,"Y":672.812439,"Z":2730.58765},"Vector":{"X":0.5850378,"Y":0.178630322,"Z":2730.58765},"JointType":6,"OrientationMatrix":[0.317231923,0.8855937,0.339245826,-0.63488847,0.4640544,-0.61771363,-0.7044718,-0.0194247831,0.7094661]},{"Location":{"X":341.159576,"Y":460.896332,"Z":2512.29785},"Vector":{"X":0.6328357,"Y":0.260724,"Z":2512.29785},"JointType":7,"OrientationMatrix":[-0.4594801,0.8855937,0.06783697,0.869222045,0.4640544,-0.170606256,-0.182567865,-0.0194247831,-0.983001351]},{"Location":{"X":207.721115,"Y":713.785156,"Z":2450.34082},"Vector":{"X":0.5829244,"Y":0.120066121,"Z":2450.34082},"JointType":8,"OrientationMatrix":[-0.461908221,0.8855937,0.04862728,0.8755775,0.4640544,-0.134229556,-0.141438544,-0.0194247831,-0.989756465]},{"Location":{"X":181.033417,"Y":764.3629,"Z":2437.94946},"Vector":{"X":0.572637737,"Y":0.0910766348,"Z":2437.94946},"JointType":9,"OrientationMatrix":[-0.461908221,0.8855937,0.04862728,0.8755775,0.4640544,-0.134229556,-0.141438544,-0.0194247831,-0.989756465]},{"Location":{"X":0.0,"Y":0.0,"Z":0.0},"Vector":{"X":0.0,"Y":0.0,"Z":0.0},"JointType":10,"OrientationMatrix":[1.0,0.0,0.0,0.0,1.0,0.0,0.0,0.0,1.0]},{"Location":{"X":56.5577049,"Y":670.7525,"Z":2733.742},"Vector":{"X":0.5202378,"Y":0.179983914,"Z":2733.742},"JointType":11,"OrientationMatrix":[0.997539341,0.0537020266,0.04507117,-0.0513690151,0.9973553,-0.0514161959,-0.0477131233,0.0489744172,0.997659743]},{"Location":{"X":-127.278114,"Y":699.986145,"Z":2761.66235},"Vector":{"X":0.454917133,"Y":0.169412911,"Z":2761.66235},"JointType":12,"OrientationMatrix":[0.36203745,-0.891546845,0.2721637,0.733853757,0.45263353,0.506538749,-0.574793458,0.01634235,0.8181353]},{"Location":{"X":-241.574783,"Y":448.68576,"Z":2926.32544},"Vector":{"X":0.41924724,"Y":0.30001995,"Z":2926.32544},"JointType":13,"OrientationMatrix":[0.421982616,-0.891546845,-0.164544389,0.816984,0.45263353,-0.357295483,0.393023968,0.01634235,0.919383]},{"Location":{"X":-364.9837,"Y":207.839233,"Z":2815.148},"Vector":{"X":0.373176277,"Y":0.403707325,"Z":2815.148},"JointType":14,"OrientationMatrix":[0.416166335,-0.891546845,-0.178745016,0.804411352,0.45263353,-0.384766519,0.423943371,0.01634235,0.905541241]},{"Location":{"X":-389.6655,"Y":159.669922,"Z":2792.91235},"Vector":{"X":0.3635219,"Y":0.4254354,"Z":2792.91235},"JointType":15,"OrientationMatrix":[0.416166335,-0.891546845,-0.178745016,0.804411352,0.45263353,-0.384766519,0.423943371,0.01634235,0.905541241]},{"Location":{"X":0.0,"Y":0.0,"Z":0.0},"Vector":{"X":0.0,"Y":0.0,"Z":0.0},"JointType":16,"OrientationMatrix":[1.0,0.0,0.0,0.0,1.0,0.0,0.0,0.0,1.0]},{"Location":{"X":138.030548,"Y":148.2105,"Z":2694.35376},"Vector":{"X":0.550112844,"Y":0.428255051,"Z":2694.35376},"JointType":17,"OrientationMatrix":[0.969427168,0.177533567,0.169389382,-0.0758695,0.873355,-0.4811392,-0.233355418,0.453577936,0.860123456]},{"Location":{"X":51.3910828,"Y":-265.670563,"Z":2479.545},"Vector":{"X":0.5202742,"Y":0.6397457,"Z":2479.545},"JointType":18,"OrientationMatrix":[0.969427168,0.07732916,0.232875779,-0.0758695,0.9970014,-0.0152326915,-0.233355418,-0.002901184,0.9723872]},{"L