[{"Ticks":"1543237325802","Skeleton":{"Joints":[{"Location":{"X":0.0,"Y":0.0,"Z":0.0},"Vector":{"X":0.0,"Y":0.0,"Z":0.0},"JointType":0,"OrientationMatrix":[1.0,0.0,0.0,0.0,1.0,0.0,0.0,0.0,1.0]},{"Location":{"X":-129.747726,"Y":898.677,"Z":2984.51221},"Vector":{"X":0.457474,"Y":0.107267104,"Z":2984.51221},"JointType":1,"OrientationMatrix":[0.9998658,-0.00361277978,-0.0159800574,0.002711155,0.998422146,-0.0560879223,0.0161574781,0.05603707,0.9982979]},{"Location":{"X":-124.721848,"Y":762.3596,"Z":2972.84375},"Vector":{"X":0.458960831,"Y":0.165531814,"Z":2972.84375},"JointType":2,"OrientationMatrix":[0.9998658,-0.00361277978,-0.0159800574,0.002711155,0.998422146,-0.0560879223,0.0161574781,0.05603707,0.9982979]},{"Location":{"X":-124.997322,"Y":380.680664,"Z":2959.796},"Vector":{"X":0.458688885,"Y":0.332248628,"Z":2959.796},"JointType":3,"OrientationMatrix":[0.9998658,-0.00361277978,-0.0159800574,0.002711155,0.998422146,-0.0560879223,0.0161574781,0.05603707,0.9982979]},{"Location":{"X":-123.010139,"Y":162.960678,"Z":2910.57153},"Vector":{"X":0.458658069,"Y":0.426974982,"Z":2910.57153},"JointType":4,"OrientationMatrix":[0.9988412,-0.00294826622,0.0480363742,0.0115009639,0.9838252,-0.178761572,-0.04673236,0.1791069,0.982719064]},{"Location":{"X":-124.788345,"Y":670.2272,"Z":2969.694},"Vector":{"X":0.4588954,"Y":0.205641,"Z":2969.694},"JointType":5,"OrientationMatrix":[0.9998658,-0.00361277978,-0.0159800574,0.002711155,0.998422146,-0.0560879223,0.0161574781,0.05603707,0.9982979]},{"Location":{"X":47.93495,"Y":659.0313,"Z":2982.949},"Vector":{"X":0.515719354,"Y":0.21184428,"Z":2982.949},"JointType":6,"OrientationMatrix":[0.18554759,0.88201046,-0.433162361,-0.9534663,0.268211275,0.137712315,0.237642735,0.387453526,0.890733242]},{"Location":{"X":105.408554,"Y":369.298431,"Z":3058.32861},"Vector":{"X":0.5337148,"Y":0.342507333,"Z":3058.32861},"JointType":7,"OrientationMatrix":[0.451299727,0.88201046,-0.135595381,-0.717375755,0.268211275,-0.642988861,-0.5307547,0.387453526,0.7537766]},{"Location":{"X":240.086868,"Y":164.956863,"Z":2891.97681},"Vector":{"X":0.5812086,"Y":0.4256052,"Z":2891.97681},"JointType":8,"OrientationMatrix":[0.456194967,0.88201046,-0.118083432,-0.692035437,0.268211275,-0.670186341,-0.55944,0.387453526,0.7327391]},{"Location":{"X":267.022522,"Y":124.088547,"Z":2858.70654},"Vector":{"X":0.591370642,"Y":0.4433853,"Z":2858.70654},"JointType":9,"OrientationMatrix":[0.456194967,0.88201046,-0.118083432,-0.692035437,0.268211275,-0.670186341,-0.55944,0.387453526,0.7327391]},{"Location":{"X":0.0,"Y":0.0,"Z":0.0},"Vector":{"X":0.0,"Y":0.0,"Z":0.0},"JointType":10,"OrientationMatrix":[1.0,0.0,0.0,0.0,1.0,0.0,0.0,0.0,1.0]},{"Location":{"X":-124.788345,"Y":670.2272,"Z":2969.694},"Vector":{"X":0.4588954,"Y":0.205641,"Z":2969.694},"JointType":11,"OrientationMatrix":[0.9998658,-0.00361277978,-0.0159800574,0.002711155,0.998422146,-0.0560879223,0.0161574781,0.05603707,0.9982979]},{"Location":{"X":-298.0564,"Y":660.3153,"Z":2984.30273},"Vector":{"X":0.4023024,"Y":0.211413845,"Z":2984.30273},"JointType":12,"OrientationMatrix":[0.282328039,-0.8788515,0.384592026,0.9459308,0.3217787,0.04090806,-0.159705639,0.352247924,0.922179759]},{"Location":{"X":-387.2224,"Y":371.530762,"Z":3024.09448},"Vector":{"X":0.3747455,"Y":0.339761674,"Z":3024.09448},"JointType":13,"OrientationMatrix":[0.470465243,-0.8788515,0.07926283,0.7071681,0.3217787,-0.629580557,0.5278027,0.352247924,0.772881448]},{"Location":{"X":-529.03595,"Y":168.0265,"Z":2862.72021},"Vector":{"X":0.3192266,"Y":0.423446327,"Z":2862.72021},"JointType":14,"OrientationMatrix":[0.472445875,-0.8788515,0.06644568,0.689794,0.3217787,-0.6485697,0.548615634,0.352247924,0.758249462]},{"Location":{"X":-557.3987,"Y":127.325653,"Z":2830.44531},"Vector":{"X":0.3073631,"Y":0.441328377,"Z":2830.44531},"JointType":15,"OrientationMatrix":[0.472445875,-0.8788515,0.06644568,0.689794,0.3217787,-0.6485697,0.548615634,0.352247924,0.758249462]},{"Location":{"X":0.0,"Y":0.0,"Z":0.0},"Vector":{"X":0.0,"Y":0.0,"Z":0.0},"JointType":16,"OrientationMatrix":[1.0,0.0,0.0,0.0,1.0,0.0,0.0,0.0,1.0]},{"Location":{"X":-4.231125,"Y":115.642632,"Z":2910.421},"Vector":{"X":0.498577923,"Y":0.448176235,"Z":2910.421},"JointType":17,"OrientationMatrix":[0.921432257,-0.117564104,0.370325923,0.242842361,0.9182797,-0.312713861,-0.303298861,0.378075451,0.874682069]},{"Location":{"X":48.7284241,"Y":-302.45462,"Z":2732.80322},"Vector":{"X":0.5174422,"Y":0.6443507,"Z":2732.80322},"JointType":18,"OrientationMatrix":[0.921432257,-0.179924875,0.3443685,0.242842361,0.958562255,-0.148949742,-0.303298861,0.220874354,0.926943541]},{"Location":{"X":131.547714,"Y":-734.985046,"Z":2633.15},"Vector":{"X":0.548869252,"Y":0.8640575,"Z":2633.15},"JointType":19,"OrientationMatrix":[0.921432257,-0.179924875,0.3443685,0.242842361,0.958562255,-0.148949742,-0.303298861,0.220874354,0.926943541]},{"Location":{"X":0.0,"Y":0.0,"Z":0.0},"Vector":{"X":0.0,"Y":0.0,"Z":0.0},"JointType":20,"OrientationMatrix":[1.0,0.0,0.0,0.0,1.0,0.0,0.0,0.0,1.0]},{"Location":{"X":-241.549683,"Y":115.259094,"Z":2918.22461},"Vector":{"X":0.419031531,"Y":0.4484862,"Z":2918.22461},"JointType":21,"OrientationMatrix":[0.607054532,0.05971174,-0.7924136,-0.324937969,0.928650439,-0.178951681,0.7251897,0.3661187,0.583144069]},{"Location":{"X":-275.745972,"Y":-311.155,"Z":2756.48486},"Vector":{"X":0.402145237,"Y":0.6472272,"Z":2756.48486},"JointType":22,"OrientationMatrix":[0.607054532,0.1285479,-0.784194,-0.324937969,0.9407133,-0.0973335,0.7251897,0.313901156,0.6128344]},{"Location":{"X":-327.939423,"Y":-733.1466,"Z":2604.59253},"Vector":{"X":0.376836479,"Y":0.867128432,"Z":2604.59253},"JointType":23,"OrientationMatrix":[0.607054532,0.1285479,-0.784194,-0.324937969,0.9407133,-0.0973335,0.7251897,0.313901156,0.6128344]},{"Location":{"X":0.0,"Y":0.0,"Z":0.0},"Vector":{"X":0.0,"Y":0.0,"Z":0.0},"JointType":24,"OrientationMatrix":[1.0,0.0,0.0,0.0,1.0,0.0,0.0,0.0,1.0]}]}},{"Ticks":"1543237325848","Skeleton":{"Joints":[{"Location":{"X":0.0,"Y":0.0,"Z":0.0},"Vector":{"X":0.0,"Y":0.0,"Z":0.0},"JointType":0,"OrientationMatrix":[1.0,0.0,0.0,0.0,1.0,0.0,0.0,0.0,1.0]},{"Location":{"X":-129.8027,"Y":897.7691,"Z":2984.645},"Vector":{"X":0.45745787,"Y":0.107681319,"Z":2984.645},"JointType":1,"OrientationMatrix":[0.9998159,-0.003815577,-0.0188045669,0.00275169266,0.998411238,-0.05628041,0.0189894326,0.0562183075,0.9982379]},{"Location":{"X":-124.724052,"Y":762.347839,"Z":2972.828},"Vector":{"X":0.458959877,"Y":0.1655352,"Z":2972.828},"JointType":2,"OrientationMatrix":[0.9998159,-0.003815577,-0.0188045669,0.00275169266,0.998411238,-0.05628041,0.0189894326,0.0562183075,0.9982379]},{"Location":{"X":-124.996483,"Y":380.710571,"Z":2959.79053},"Vector":{"X":0.458689064,"Y":0.332235157,"Z":2959.79053},"JointType":3,"OrientationMatrix":[0.9998159,-0.003815577,-0.0188045669,0.00275169266,0.998411238,-0.05628041,0.0189894326,0.0562183075,0.9982379]},{"Location":{"X":-123.004135,"Y":162.990982,"Z":2910.56445},"Vector":{"X":0.458659977,"Y":0.426961243,"Z":2910.56445},"JointType":4,"OrientationMatrix":[0.99873513,-0.003232652,0.050176587,0.0121438373,0.9838962,-0.178327858,-0.04879208,0.178711623,0.98269093]},{"Location":{"X":-124.789818,"Y":670.215332,"Z":2969.68042},"Vector":{"X":0.45889473,"Y":0.205644846,"Z":2969.68042},"JointType":5,"OrientationMatrix":[0.9998159,-0.003815577,-0.0188045669,0.00275169266,0.998411238,-0.05628041,0.0189894326,0.0562183075,0.9982379]},{"Location":{"X":48.27674,"Y":658.8891,"Z":2982.94556},"Vector":{"X":0.5158315,"Y":0.211906135,"Z":2982.94556},"JointType":6,"OrientationMatrix":[0.194539189,0.882773,-0.4276288,-0.951334536,0.2760224,0.137019,0.2389918,0.380162477,0.8935096]},{"Location":{"X":108.987846,"Y":368.0857,"Z":3059.84131},"Vector":{"X":0.5348424,"Y":0.343102127,"Z":3059.84131},"JointType":7,"OrientationMatrix":[0.456168622,0.882773,-0.112348042,-0.697121,0.2760224,-0.661690235,-0.5531117,0.380162477,0.7413123]},{"Location":{"X":242.462845,"Y":173.194168,"Z":2889.41772},"Vector":{"X":0.5820849,"Y":0.421821028,"Z":2889.41772},"JointType":8,"OrientationMatrix":[0.4603843,0.882773,-0.0935850441,-0.669457,0.2760224,-0.6896658,-0.5829867,0.380162477,0.71805495]},{"Location":{"X":269.157837,"Y":134.215866,"Z":2855.333},"Vector":{"X":0.5922101,"Y":0.438692451,"Z":2855.333},"JointType":9,"OrientationMatrix":[0.4603843,0.882773,-0.0935850441,-0.669457,0.2760224,-0.6896658,-0.5829867,0.380162477,0.71805495]},{"Location":{"X":0.0,"Y":0.0,"Z":0.0},"Vector":{"X":0.0,"Y":0.0,"Z":0.0},"JointType":10,"OrientationMatrix":[1.0,0.0,0.0,0.0,1.0,0.0,0.0,0.0,1.0]},{"Location":{"X":-124.789818,"Y":670.215332,"Z":2969.68042},"Vector":{"X":0.45889473,"Y":0.205644846,"Z":2969.68042},"JointType":11,"OrientationMatrix":[0.9998159,-0.003815577,-0.0188045669,0.00275169266,0.998411238,-0.05628041,0.0189894326,0.0562183075,0.9982379]},{"Location":{"X":-298.362976,"Y":660.113831,"Z":2984.36377},"Vector":{"X":0.402203947,"Y":0.2115078,"Z":2984.36377},"JointType":12,"OrientationMatrix":[0.307842582,-0.8695706,0.386108667,0.9379006,0.3455631,0.0304726679,-0.159923047,0.352750778,0.921949863]},{"Location":{"X":-395.837677,"Y":371.8036,"Z":3023.62378},"Vector":{"X":0.371938765,"Y":0.33961904,"Z":3023.62378},"JointType":13,"OrientationMatrix":[0.4904959,-0.8695706,0.05710299,0.687041461,0.3455631,-0.6391871,0.5360856,0.352750778,0.7669284]},{"Location":{"X":-541.603333,"Y":177.714172,"Z":2862.614},"Vector":{"X":0.3149254,"Y":0.4190296,"Z":2862.614},"JointType":14,"OrientationMatrix":[0.491868854,-0.8695706,0.043726258,0.6693825,0.3455631,-0.6576573,0.5567693,0.352750778,0.752047062]},{"Location":{"X":-570.7565,"Y":138.896286,"Z":2830.412},"Vector":{"X":0.302744359,"Y":0.435995877,"Z":2830.412},"JointType":15,"OrientationMatrix":[0.491868854,-0.8695706,0.043726258,0.6693825,0.3455631,-0.6576573,0.5567693,0.352750778,0.752047062]},{"Location":{"X":0.0,"Y":0.0,"Z":0.0},"Vector":{"X":0.0,"Y":0.0,"Z":0.0},"JointType":16,"OrientationMatrix":[1.0,0.0,0.0,0.0,1.0,0.0,0.0,0.0,1.0]},{"Location":{"X":-4.06356049,"Y":116.631546,"Z":2910.47},"Vector":{"X":0.498634249,"Y":0.4477339,"Z":2910.47},"JointType":17,"OrientationMatrix":[0.920187533,-0.112632796,0.374925017,0.238832861,0.92035526,-0.309685469,-0.310183465,0.374513119,0.8737998]},{"Location":{"X":48.022274,"Y":-297.20282,"Z":2735.068},"Vector":{"X":0.517175257,"Y":0.641726732,"Z":2735.068},"JointType":18,"OrientationMatrix":[0.920187533,-0.1843045,0.345379174,0.238832861,0.963334143,-0.12225461,-0.310183465,0.194985062,0.930466056]},{"Location":{"X":130.951828,"Y":-731.694031,"Z":2648.985},"Vector":{"X":0.5483571,"Y":0.8602608,"Z":2648.985},"JointType":19,"OrientationMatrix":[0.920187533,-0.1843045,0.345379174,0.238832861,0.963334143,-0.12225461,-0.310183465,0.194985062,0.930466056]},{"Location":{"X":0.0,"Y":0.0,"Z":0.0},"Vector":{"X":0.0,"Y":0.0,"Z":0.0},"JointType":20,"OrientationMatrix":[1.0,0.0,0.0,0.0,1.0,0.0,0.0,0.0,1.0]},{"Location":{"X":-242.380188,"Y":117.809517,"Z":2918.27783},"Vector":{"X":0.418754637,"Y":0.447347283,"Z":2918.27783},"JointType":21,"OrientationMatrix":[0.6011123,0.0582542829,-0.797038555,-0.332531065,0.92513293,-0.183172524,0.726696,0.375147343,0.575480163]},{"Location":{"X":-275.190552,"Y":-304.3549,"Z":2758.78345},"Vector":{"X":0.4024237,"Y":0.643889666,"Z":2758.78345},"JointType":22,"OrientationMatrix":[0.6011123,0.127499089,-0.7889284,-0.332531065,0.937577069,-0.101844855,0.726696,0.3235634,0.605986536]},{"Location":{"X":-326.112885,"Y":-721.946,"Z":2597.24463},"Vector":{"X":0.377175957,"Y":0.86254245,"Z":2597.24463},"JointType":23,"OrientationMatrix":[0.6011123,0.127499089,-0.7889284,-0.332531065,0.937577069,-0.101844855,0.726696,0.3235634,0.605986536]},{"Location":{"X":0.0,"Y":0.0,"Z":0.0},"Vector":{"X":0.0,"Y":0.0,"Z":0.0},"JointType":24,"OrientationMatrix":[1.0,0.0,0.0,0.0,1.0,0.0,0.0,0.0,1.0]}]}},{"Ticks":"1543237325896","Skeleton":{"Joints":[{"Location":{"X":0.0,"Y":0.0,"Z":0.0},"Vector":{"X":0.0,"Y":0.0,"Z":0.0},"JointType":0,"OrientationMatrix":[1.0,0.0,0.0,0.0,1.0,0.0,0.0,0.0,1.0]},{"Location":{"X":-129.899536,"Y":900.1118,"Z":2984.87183},"Vector":{"X":0.457429349,"Y":0.106687464,"Z":2984.87183},"JointType":1,"OrientationMatrix":[0.9998578,-0.004010188,-0.0163817443,0.00308435084,0.998417258,-0.056155704,0.0165810119,0.05609719,0.9982876]},{"Location":{"X":-124.725327,"Y":762.344849,"Z":2972.818},"Vector":{"X":0.458959281,"Y":0.16553542,"Z":2972.818},"JointType":2,"OrientationMatrix":[0.9998578,-0.004010188,-0.0163817443,0.00308435084,0.998417258,-0.056155704,0.0165810119,0.05609719,0.9982876]},{"Location":{"X":-124.99585,"Y":380.727966,"Z":2959.78613},"Vector":{"X":0.4586892,"Y":0.33222723,"Z":2959.78613},"JointType":3,"OrientationMatrix":[0.9998578,-0.004010188,-0.0163817443,0.00308435084,0.998417258,-0.056155704,0.0165810119,0.05609719,0.9982876]},{"Location":{"X":-123.001053,"Y":163.007858,"Z":2910.5625},"Vector":{"X":0.458661,"Y":0.426953644,"Z":2910.5625},"JointType":4,"OrientationMatrix":[0.9988905,0.000604890636,0.04708908,0.007835182,0.9838462,-0.1788442,-0.0464365929,0.179014727,0.9827499]},{"Location":{"X":-124.790642,"Y":670.2123,"Z":2969.67188},"Vector":{"X":0.4588943,"Y":0.205645338,"Z":2969.67188},"JointType":5,"OrientationMatrix":[0.9998578,-0.004010188,-0.0163817443,0.00308435084,0.998417258,-0.056155704,0.0165810119,0.05609719,0.9982876]},{"Location":{"X":48.4998322,"Y":658.916443,"Z":2982.94922},"Vector":{"X":0.5159046,"Y":0.211894527,"Z":2982.94922},"JointType":6,"OrientationMatrix":[0.20153676,0.8809963,-0.4280519,-0.9490338,0.283753663,0.137181312,0.242317513,0.378588647,0.893282056]},{"Location":{"X":111.478333,"Y":367.46524,"Z":3060.5293},"Vector":{"X":0.5356305,"Y":0.343401819,"Z":3060.5293},"JointType":7,"OrientationMatrix":[0.462042332,0.8809963,-0.10179583,-0.688165843,0.283753663,-0.667766154,-0.5594146,0.378588647,0.737377763]},{"Location":{"X":248.122665,"Y":173.202957,"Z":2886.85986},"Vector":{"X":0.5840754,"Y":0.421747774,"Z":2886.85986},"JointType":8,"OrientationMatrix":[0.465887874,0.8809963,-0.08242563,-0.659699738,0.283753663,-0.695902348,-0.589698851,0.378588647,0.7133904]},{"Location":{"X":275.451538,"Y":134.3505,"Z":2852.126},"Vector":{"X":0.594472349,"Y":0.438561916,"Z":2852.126},"JointType":9,"OrientationMatrix":[0.465887874,0.8809963,-0.08242563,-0.659699738,0.283753663,-0.695902348,-0.589698851,0.378588647,0.7133904]},{"Location":{"X":0.0,"Y":0.0,"Z":0.0},"Vector":{"X":0.0,"Y":0.0,"Z":0.0},"JointType":10,"OrientationMatrix":[1.0,0.0,0.0,0.0,1.0,0.0,0.0,0.0,1.0]},{"Location":{"X":-124.790642,"Y":670.2123,"Z":2969.67188},"Vector":{"X":0.4588943,"Y":0.205645338,"Z":2969.67188},"JointType":11,"OrientationMatrix":[0.9998578,-0.004010188,-0.0163817443,0.00308435084,0.998417258,-0.056155704,0.0165810119,0.05609719,0.9982876]},{"Location":{"X":-298.5083,"Y":660.007446,"Z":2984.375},"Vector":{"X":0.402156651,"Y":0.211555377,"Z":2984.375},"JointType":12,"OrientationMatrix":[0.312993824,-0.8673904,0.386870474,0.9365678,0.349525273,0.0259387381,-0.157720014,0.354211777,0.9217692]},{"Location":{"X":-398.485229,"Y":371.251068,"Z":3023.785},"Vector":{"X":0.3710891,"Y":0.3398659,"Z":3023.785},"JointType":13,"OrientationMatrix":[0.494542956,-0.8673904,0.05532765,0.6846022,0.349525273,-0.639649868,0.5354877,0.354211777,0.7666726]},{"Location":{"X":-546.28186,"Y":175.526367,"Z":2861.24658},"Vector":{"X":0.313237458,"Y":0.4199882,"Z":2861.24658},"JointType":14,"OrientationMatrix":[0.495838583,-0.8673904,0.0421663634,0.6673627,0.349525273,-0.657616258,0.5556718,0.354211777,0.752172053]},{"Location":{"X":-575.8412,"Y":136.381424,"Z":2828.739},"Vector":{"X":0.300869346,"Y":0.437117577,"Z":2828.739},"JointType":15,"OrientationMatrix":[0.495838583,-0.8673904,0.0421663634,0.6673627,0.349525273,-0.657616258,0.5556718,0.354211777,0.752172053]},{"Location":{"X":0.0,"Y":0.0,"Z":0.0},"Vector":{"X":0.0,"Y":0.0,"Z":0.0},"JointType":16,"OrientationMatrix":[1.0,0.0,0.0,0.0,1.0,0.0,0.0,0.0,1.0]},{"Location":{"X":-5.84894562,"Y":112.950226,"Z":2910.34277},"Vector":{"X":0.4980341,"Y":0.4493814,"Z":2910.34277},"JointType":17,"OrientationMatrix":[0.921816349,-0.117390536,0.369424,0.242427424,0.9182452,-0.313136846,-0.302462518,0.378213167,0.874912143]},{"Location":{"X":48.8068,"Y":-300.90686,"Z":2733.27466},"Vector":{"X":0.51746726,"Y":0.643587232,"Z":2733.27466},"JointType":18,"OrientationMatrix":[0.921816349,-0.183845669,0.3412556,0.242427424,0.9603809,-0.137467861,-0.302462518,0.209449843,0.929864049]},{"Location":{"X":131.1825,"Y":-733.6945,"Z":2639.31714},"Vector":{"X":0.548619747,"Y":0.862569034,"Z":2639.31714},"JointType":19,"OrientationMatrix":[0.921816349,-0.183845669,0.3412556,0.242427424,0.9603809,-0.137467861,-0.302462518,0.209449843,0.929864049]},{"Location":{"X":0.0,"Y":0.0,"Z":0.0},"Vector":{"X":0.0,"Y":0.0,"Z":0.0},"JointType":20,"OrientationMatrix":[1.0,0.0,0.0,0.0,1.0,0.0,0.0,0.0,1.0]},{"Location":{"X":-242.178589,"Y":117.605461,"Z":2918.24683},"Vector":{"X":0.418821335,"Y":0.4474379,"Z":2918.24683},"JointType":21,"OrientationMatrix":[0.598428965,0.0572196469,-0.799129963,-0.323616534,0.929718852,-0.175770313,0.732908666,0.363797724,0.574887931]},{"Location":{"X":-275.254669,"Y":-305.58316,"Z":2758.76221},"Vector":{"X":0.402400255,"Y":0.644471467,"Z":2758.76221},"JointType":22,"OrientationMatrix":[0.598428965,0.126650676,-0.791102,-0.323616534,0.941500366,-0.09407112,0.732908666,0.31230858,0.6044073]},{"Location":{"X":-326.265961,"Y":-727.4689,"Z":2609.33252},"Vector":{"X":0.377687573,"Y":0.863623559,"Z":2609.33252},"JointType":23,"OrientationMatrix":[0.598428965,0.126650676,-0.791102,-0.323616534,0.941500366,-0.09407112,0.732908666,0.31230858,0.6044073]},{"Location":{"X":0.0,"Y":0.0,"Z":0.0},"Vector":{"X":0.0,"Y":0.0,"Z":0.0},"JointType":24,"OrientationMatrix":[1.0,0.0,0.0,0.0,1.0,0.0,0.0,0.0,1.0]}]}},{"Ticks":"1543237325937","Skeleton":{"Joints":[{"Location":{"X":0.0,"Y":0.0,"Z":0.0},"Vector":{"X":0.0,"Y":0.0,"Z":0.0},"JointType":0,"OrientationMatrix":[1.0,0.0,0.0,0.0,1.0,0.0,0.0,0.0,1.0]},{"Location":{"X":-130.0297,"Y":903.4506,"Z":2985.176},"Vector":{"X":0.457391024,"Y":0.105268769,"Z":2985.176},"JointType":1,"OrientationMatrix":[0.99985224,-0.00454441225,-0.01657976,0.00360704237,0.998416662,-0.05613518,0.01680861,0.056067083,0.998285532]},{"Location":{"X":-124.728889,"Y":762.3502,"Z":2972.80078},"Vector":{"X":0.4589579,"Y":0.165531114,"Z":2972.80078},"JointType":2,"OrientationMatrix":[0.99985224,-0.00454441225,-0.01657976,0.00360704237,0.998416662,-0.05613518,0.01680861,0.056067083,0.998285532]},{"Location":{"X":-124.99543,"Y":380.760529,"Z":2959.76855},"Vector":{"X":0.458689123,"Y":0.332211882,"Z":2959.76855},"JointType":3,"OrientationMatrix":[0.99985224,-0.00454441225,-0.01657976,0.00360704237,0.998416662,-0.05613518,0.01680861,0.056067083,0.998285532]},{"Location":{"X":-122.999573,"Y":163.0305,"Z":2910.58887},"Vector":{"X":0.458661854,"Y":0.426944166,"Z":2910.58887},"JointType":4,"OrientationMatrix":[0.9989821,0.00285328017,0.0450187363,0.005281716,0.9837343,-0.179552108,-0.0447987877,0.179607123,0.9827178]},{"Location":{"X":-124.793243,"Y":670.217651,"Z":2969.6543},"Vector":{"X":0.4588932,"Y":0.20564124,"Z":2969.6543},"JointType":5,"OrientationMatrix":[0.99985224,-0.00454441225,-0.01657976,0.00360704237,0.998416662,-0.05613518,0.01680861,0.056067083,0.998285532]},{"Location":{"X":48.7138,"Y":658.7315,"Z":2982.978},"Vector":{"X":0.515974641,"Y":0.211978182,"Z":2982.978},"JointType":6,"OrientationMatrix":[0.20720157,0.856416345,-0.4728832,-0.9440311,0.301846862,0.133017778,0.256656915,0.418854952,0.8710269]},{"Location":{"X":111.511726,"Y":366.788239,"Z":3065.42236},"Vector":{"X":0.535584331,"Y":0.3439398,"Z":3065.42236},"JointType":7,"OrientationMatrix":[0.5066566,0.856416345,-0.09924772,-0.647322536,0.301846862,-0.6999014,-0.5694494,0.418854952,0.7073103]},{"Location":{"X":265.444824,"Y":183.565536,"Z":2886.70947},"Vector":{"X":0.589949667,"Y":0.417061716,"Z":2886.70947},"JointType":8,"OrientationMatrix":[0.5107083,0.856416345,-0.07568391,-0.6142241,0.301846862,-0.729120851,-0.6015861,0.418854952,0.6801872]},{"Location":{"X":296.231445,"Y":146.92099,"Z":2850.9668},"Vector":{"X":0.6016406,"Y":0.432786137,"Z":2850.9668},"JointType":9,"OrientationMatrix":[0.5107083,0.856416345,-0.07568391,-0.6142241,0.301846862,-0.729120851,-0.6015861,0.418854952,0.6801872]},{"Location":{"X":0.0,"Y":0.0,"Z":0.0},"Vector":{"X":0.0,"Y":0.0,"Z":0.0},"JointType":10,"OrientationMatrix":[1.0,0.0,0.0,0.0,1.0,0.0,0.0,0.0,1.0]},{"Location":{"X":-124.793243,"Y":670.217651,"Z":2969.6543},"Vector":{"X":0.4588932,"Y":0.20564124,"Z":2969.6543},"JointType":11,"OrientationMatrix":[0.99985224,-0.00454441225,-0.01657976,0.00360704237,0.998416662,-0.05613518,0.01680861,0.056067083,0.998285532]},{"Location":{"X":-298.755249,"Y":659.8647,"Z":2984.39063},"Vector":{"X":0.402076244,"Y":0.211619288,"Z":2984.39063},"JointType":12,"OrientationMatrix":[0.3166342,-0.85424614,0.41231823,0.935568333,0.352916628,0.0127201453,-0.156380087,0.381724238,0.9109511]},{"Location":{"X":-398.6679,"Y":369.276764,"Z":3023.73047},"Vector":{"X":0.371027678,"Y":0.3407146,"Z":3023.73047},"JointType":13,"OrientationMatrix":[0.514999032,-0.85424614,0.07098945,0.6747455,0.352916628,-0.6482039,0.528672338,0.381724238,0.758150458]},{"Location":{"X":-556.4739,"Y":174.649429,"Z":2861.18262},"Vector":{"X":0.309748769,"Y":0.420386165,"Z":2861.18262},"JointType":14,"OrientationMatrix":[0.5166738,-0.85424614,0.05754764,0.657628238,0.352916628,-0.665563643,0.5482456,0.381724238,0.744119167]},{"Location":{"X":-588.0351,"Y":135.723969,"Z":2828.673},"Vector":{"X":0.296647847,"Y":0.437419266,"Z":2828.673},"JointType":15,"OrientationMatrix":[0.5166738,-0.85424614,0.05754764,0.657628238,0.352916628,-0.665563643,0.5482456,0.381724238,0.744119167]},{"Location":{"X":0.0,"Y":0.0,"Z":0.0},"Vector":{"X":0.0,"Y":0.0,"Z":0.0},"JointType":16,"OrientationMatrix":[1.0,0.0,0.0,0.0,1.0,0.0,0.0,0.0,1.0]},{"Location":{"X":-5.842392,"Y":113.187317,"Z":2910.33423},"Vector":{"X":0.4980363,"Y":0.449275017,"Z":2910.33423},"JointType":17,"OrientationMatrix":[0.922704637,-0.119807705,0.366418183,0.242936656,0.918713,-0.311365217,-0.2993292,0.376314551,0.8768064]},{"Location":{"X":49.00462,"Y":-301.977783,"Z":2732.79932},"Vector":{"X":0.5175411,"Y":0.6441233,"Z":2732.79932},"JointType":18,"OrientationMatrix":[0.922704637,-0.18356891,0.3389965,0.242936656,0.959654152,-0.141582921,-0.2993292,0.21299389,0.9300729]},{"Location":{"X":131.291763,"Y":-735.1539,"Z":2638.979},"Vector":{"X":0.5486665,"Y":0.863336742,"Z":2638.979},"JointType":19,"OrientationMatrix":[0.922704637,-0.18356891,0.3389965,0.242936656,0.959654152,-0.141582921,-0.2993292,0.21299389,0.9300729]},{"Location":{"X":0.0,"Y":0.0,"Z":0.0},"Vector":{"X":0.0,"Y":0.0,"Z":0.0},"JointType":20,"OrientationMatrix":[1.0,0.0,0.0,0.0,1.0,0.0,0.0,0.0,1.0]},{"Location":{"X":-241.889679,"Y":117.190186,"Z":2918.2312},"Vector":{"X":0.418917716,"Y":0.447623253,"Z":2918.2312},"JointType":21,"OrientationMatrix":[0.5964117,0.05715284,-0.8006414,-0.3169294,0.9331854,-0.169471875,0.7374611,0.3548218,0.5746761]},{"Location":{"X":-275.315826,"Y":-307.4531,"Z":2758.70166},"Vector":{"X":0.4023764,"Y":0.645358741,"Z":2758.70166},"JointType":22,"OrientationMatrix":[0.5964117,0.126715854,-0.7926135,-0.3169294,0.94440484,-0.08749451,0.7374611,0.303385258,0.603414059]},{"Location":{"X":-326.9202,"Y":-732.581055,"Z":2617.9248},"Vector":{"X":0.377844542,"Y":0.864977,"Z":2617.9248},"JointType":23,"OrientationMatrix":[0.5964117,0.126715854,-0.7926135,-0.3169294,0.94440484,-0.08749451,0.7374611,0.303385258,0.603414059]},{"Location":{"X":0.0,"Y":0.0,"Z":0.0},"Vector":{"X":0.0,"Y":0.0,"Z":0.0},"JointType":24,"OrientationMatrix":[1.0,0.0,0.0,0.0,1.0,0.0,0.0,0.0,1.0]}]}},{"Ticks":"1543237325993","Skeleton":{"Joints":[{"Location":{"X":0.0,"Y":0.0,"Z":0.0},"Vector":{"X":0.0,"Y":0.0,"Z":0.0},"JointType":0,"OrientationMatrix":[1.0,0.0,0.0,0.0,1.0,0.0,0.0,0.0,1.0]},{"Location":{"X":-130.06987,"Y":904.665039,"Z":2985.27026},"Vector":{"X":0.457379252,"Y":0.104750648,"Z":2985.27026},"JointType":1,"OrientationMatrix":[0.9998372,-0.00473965658,-0.01740943,0.003751917,0.9984048,-0.0563366637,0.0176486764,0.0562621765,0.99826]},{"Location":{"X":-124.73143,"Y":762.354065,"Z":2972.79834},"Vector":{"X":0.458957046,"Y":0.165529147,"Z":2972.79834},"JointType":2,"OrientationMatrix":[0.9998372,-0.00473965658,-0.01740943,0.003751917,0.9984048,-0.0563366637,0.0176486764,0.0562621765,0.99826]},{"Location":{"X":-124.9953,"Y":380.770569,"Z":2959.7583},"Vector":{"X":0.458689034,"Y":0.332206875,"Z":2959.7583},"JointType":3,"OrientationMatrix":[0.9998372,-0.00473965658,-0.01740943,0.003751917,0.9984048,-0.0563366637,0.0176486764,0.0562621765,0.99826]},{"Location":{"X":-122.998711,"Y":163.036621,"Z":2910.596},"Vector":{"X":0.4586622,"Y":0.426941574,"Z":2910.596},"JointType":4,"OrientationMatrix":[0.9987524,0.00146430673,0.0499147028,0.007523188,0.983748853,-0.179392278,-0.0493662171,0.179543987,0.9825105]},{"Location":{"X":-124.795143,"Y":670.221558,"Z":2969.65},"Vector":{"X":0.458892524,"Y":0.205639079,"Z":2969.65},"JointType":5,"OrientationMatrix":[0.9998372,-0.00473965658,-0.01740943,0.003751917,0.9984048,-0.0563366637,0.0176486764,0.0562621765,0.99826]},{"Location":{"X":48.8022,"Y":658.6714,"Z":2983.20874},"Vector":{"X":0.516002357,"Y":0.212026745,"Z":2983.20874},"JointType":6,"OrientationMatrix":[0.2069154,0.8457416,-0.4918406,-0.9424491,0.3072537,0.131851658,0.262632281,0.4362526,0.8606439]},{"Location":{"X":111.5097,"Y":366.733673,"Z":3067.91528},"Vector":{"X":0.535554767,"Y":0.344089836,"Z":3067.91528},"JointType":7,"OrientationMatrix":[0.5231462,0.8457416,-0.105067573,-0.638446867,0.3072537,-0.7056775,-0.5645384,0.4362526,0.7006997]},{"Location":{"X":268.0934,"Y":188.645584,"Z":2892.749},"Vector":{"X":0.5906575,"Y":0.414944381,"Z":2892.749},"JointType":8,"OrientationMatrix":[0.5275063,0.8457416,-0.08036322,-0.604573965,0.3072537,-0.7349051,-0.596847951,0.4362526,0.6733916]},{"Location":{"X":299.410156,"Y":153.027969,"Z":2857.71582},"Vector":{"X":0.602488637,"Y":0.430157661,"Z":2857.71582},"JointType":9,"OrientationMatrix":[0.5275063,0.8457416,-0.08036322,-0.604573965,0.3072537,-0.7349051,-0.596847951,0.4362526,0.6733916]},{"Location":{"X":0.0,"Y":0.0,"Z":0.0},"Vector":{"X":0.0,"Y":0.0,"Z":0.0},"JointType":10,"OrientationMatrix":[1.0,0.0,0.0,0.0,1.0,0.0,0.0,0.0,1.0]},{"Location":{"X":-124.795143,"Y":670.221558,"Z":2969.65},"Vector":{"X":0.458892524,"Y":0.205639079,"Z":2969.65},"JointType":11,"OrientationMatrix":[0.9998372,-0.00473965658,-0.01740943,0.003751917,0.9984048,-0.0563366637,0.0176486764,0.0562621765,0.99826]},{"Location":{"X":-298.8633,"Y":659.806763,"Z":2984.39722},"Vector":{"X":0.402041018,"Y":0.211645216,"Z":2984.39722},"JointType":12,"OrientationMatrix":[0.315557271,-0.8488391,0.424141258,0.936192751,0.351421475,0.00678510545,-0.154811814,0.3949369,0.9055706]},{"Location":{"X":-399.001526,"Y":368.6713,"Z":3023.7356},"Vector":{"X":0.37092,"Y":0.340976059,"Z":3023.7356},"JointType":13,"OrientationMatrix":[0.522088468,-0.8488391,0.0830410942,0.6746114,0.351421475,-0.64915514,0.5218458,0.3949369,0.7561096]},{"Location":{"X":-556.3522,"Y":176.4971,"Z":2864.90576},"Vector":{"X":0.310037553,"Y":0.419648468,"Z":2864.90576},"JointType":14,"OrientationMatrix":[0.5240302,-0.8488391,0.06974621,0.6578962,0.351421475,-0.6660897,0.540892661,0.3949369,0.74260354]},{"Location":{"X":-587.8223,"Y":138.062256,"Z":2833.14},"Vector":{"X":0.297041923,"Y":0.436441451,"Z":2833.14},"JointType":15,"OrientationMatrix":[0.5240302,-0.8488391,0.06974621,0.6578962,0.351421475,-0.6660897,0.540892661,0.3949369,0.74260354]},{"Location":{"X":0.0,"Y":0.0,"Z":0.0},"Vector":{"X":0.0,"Y":0.0,"Z":0.0},"JointType":16,"OrientationMatrix":[1.0,0.0,0.0,0.0,1.0,0.0,0.0,0.0,1.0]},{"Location":{"X":-5.58741,"Y":113.839569,"Z":2910.29761},"Vector":{"X":0.498121977,"Y":0.4489821,"Z":2910.29761},"JointType":17,"OrientationMatrix":[0.9220819,-0.117225483,0.3688132,0.240661189,0.920021832,-0.309260428,-0.303063,0.373922467,0.8765471]},{"Location":{"X":48.996624,"Y":-301.893555,"Z":2732.73584},"Vector":{"X":0.517538667,"Y":0.6440865,"Z":2732.73584},"JointType":18,"OrientationMatrix":[0.9220819,-0.186631456,0.3390187,0.240661189,0.96257,-0.12466418,-0.303063,0.196539238,0.9324833]},{"Location":{"X":131.342484,"Y":-736.3231,"Z":2647.27563},"Vector":{"X":0.548532665,"Y":0.8627741,"Z":2647.27563},"JointType":19,"OrientationMatrix":[0.9220819,-0.186631456,0.3390187,0.240661189,0.96257,-0.12466418,-0.303063,0.196539238,0.9324833]},{"Location":{"X":0.0,"Y":0.0,"Z":0.0},"Vector":{"X":0.0,"Y":0.0,"Z":0.0},"JointType":20,"OrientationMatrix":[1.0,0.0,0.0,0.0,1.0,0.0,0.0,0.0,1.0]},{"Location":{"X":-241.844864,"Y":117.205383,"Z":2918.227},"Vector":{"X":0.418932617,"Y":0.4476164,"Z":2918.227},"JointType":21,"OrientationMatrix":[0.597392142,0.0570928827,-0.7999144,-0.328934342,0.927140057,-0.179481328,0.7313855,0.370340049,0.572645962]},{"Location":{"X":-275.418579,"Y":-307.795441,"Z":2758.262},"Vector":{"X":0.402324438,"Y":0.6455438,"Z":2758.262},"JointType":22,"OrientationMatrix":[0.597392142,0.126592755,-0.7918945,-0.328934342,0.9392548,-0.09799277,0.7313855,0.3190214,0.602744162]},{"Location":{"X":-326.175873,"Y":-726.5731,"Z":2600.584},"Vector":{"X":0.377309978,"Y":0.8643976,"Z":2600.584},"JointType":23,"OrientationMatrix":[0.597392142,0.126592755,-0.7918945,-0.328934342,0.9392548,-0.09799277,0.7313855,0.3190214,0.602744162]},{"Location":{"X":0.0,"Y":0.0,"Z":0.0},"Vector":{"X":0.0,"Y":0.0,"Z":0.0},"JointType":24,"OrientationMatrix":[1.0,0.0,0.0,0.0,1.0,0.0,0.0,0.0,1.0]}]}},{"Ticks":"1543237326043","Skeleton":{"Joints":[{"Location":{"X":0.0,"Y":0.0,"Z":0.0},"Vector":{"X":0.0,"Y":0.0,"Z":0.0},"JointType":0,"OrientationMatrix":[1.0,0.0,0.0,0.0,1.0,0.0,0.0,0.0,1.0]},{"Location":{"X":-129.998154,"Y":902.981445,"Z":2985.10327},"Vector":{"X":0.457400322,"Y":0.105464146,"Z":2985.10327},"JointType":1,"OrientationMatrix":[0.9997954,-0.00477522472,-0.01965696,0.00367144262,0.998434663,-0.0558101758,0.0198926963,0.0557265878,0.998247862]},{"Location":{"X":-124.733841,"Y":762.3581,"Z":2972.796},"Vector":{"X":0.458956182,"Y":0.1655271,"Z":2972.796},"JointType":2,"OrientationMatrix":[0.9997954,-0.00477522472,-0.01965696,0.00367144262,0.998434663,-0.0558101758,0.0198926963,0.0557265878,0.998247862]},{"Location":{"X":-124.994438,"Y":380.4888,"Z":2959.78442},"Vector":{"X":0.45868963,"Y":0.332332522,"Z":2959.78442},"JointType":3,"OrientationMatrix":[0.9997954,-0.00477522472,-0.01965696,0.00367144262,0.998434663,-0.0558101758,0.0198926963,0.0557265878,0.998247862]},{"Location":{"X":-122.995338,"Y":162.773544,"Z":2910.53955},"Vector":{"X":0.45866257,"Y":0.427058071,"Z":2910.53955},"JointType":4,"OrientationMatrix":[0.998999357,-0.000113851682,0.0447239429,0.008208138,0.98347795,-0.180841684,-0.0439644232,0.18102783,0.982494831]},{"Location":{"X":-124.796715,"Y":670.2253,"Z":2969.65674},"Vector":{"X":0.4588921,"Y":0.205638126,"Z":2969.65674},"JointType":5,"OrientationMatrix":[0.9997954,-0.00477522472,-0.01965696,0.00367144262,0.998434663,-0.0558101758,0.0198926963,0.0557265878,0.998247862]},{"Location":{"X":48.8822937,"Y":658.6181,"Z":2983.388},"Vector":{"X":0.5160276,"Y":0.212067336,"Z":2983.388},"JointType":6,"OrientationMatrix":[0.205659434,0.837616146,-0.506066561,-0.9416402,0.310192943,0.130744517,0.266491979,0.449643761,0.852527142]},{"Location":{"X":111.570259,"Y":366.584869,"Z":3069.33472},"Vector":{"X":0.5355576,"Y":0.344225138,"Z":3069.33472},"JointType":7,"OrientationMatrix":[0.534664154,0.837616146,-0.111952685,-0.6342399,0.310192943,-0.708180845,-0.5584568,0.449643761,0.6970987]},{"Location":{"X":269.782776,"Y":191.394348,"Z":2897.914},"Vector":{"X":0.5910662,"Y":0.413858861,"Z":2897.914},"JointType":8,"OrientationMatrix":[0.539331555,0.837616146,-0.08672172,-0.6002845,0.310192943,-0.737183034,-0.590575933,0.449643761,0.670104861]},{"Location":{"X":301.4253,"Y":156.356247,"Z":2863.63},"Vector":{"X":0.602965355,"Y":0.42878598,"Z":2863.63},"JointType":9,"OrientationMatrix":[0.539331555,0.837616146,-0.08672172,-0.6002845,0.310192943,-0.737183034,-0.590575933,0.449643761,0.670104861]},{"Location":{"X":0.0,"Y":0.0,"Z":0.0},"Vector":{"X":0.0,"Y":0.0,"Z":0.0},"JointType":10,"OrientationMatrix":[1.0,0.0,0.0,0.0,1.0,0.0,0.0,0.0,1.0]},{"Location":{"X":-124.796715,"Y":670.2253,"Z":2969.65674},"Vector":{"X":0.4588921,"Y":0.205638126,"Z":2969.65674},"JointType":11,"OrientationMatrix":[0.9997954,-0.00477522472,-0.01965696,0.00367144262,0.998434663,-0.0558101758,0.0198926963,0.0557265878,0.998247862]},{"Location":{"X":-298.9594,"Y":659.7546,"Z":2984.40259},"Vector":{"X":0.402009666,"Y":0.211668551,"Z":2984.40259},"JointType":12,"OrientationMatrix":[0.317505479,-0.841618061,0.436885923,0.9357691,0.352612555,-0.000793621643,-0.153383538,0.4090763,0.8995166]},{"Location":{"X":-399.372,"Y":367.991028,"Z":3021.70337},"Vector":{"X":0.370713234,"Y":0.341162741,"Z":3021.70337},"JointType":13,"OrientationMatrix":[0.531666,-0.841618061,0.09492276,0.674064755,0.352612555,-0.6490771,0.5128041,0.4090763,0.754777133]},{"Location":{"X":-558.7248,"Y":177.847488,"Z":2868.21045},"Vector":{"X":0.309447259,"Y":0.419126958,"Z":2868.21045},"JointType":14,"OrientationMatrix":[0.533827066,-0.841618061,0.0819005147,0.658,0.352612555,-0.665357351,0.5310976,0.4090763,0.7420188]},{"Location":{"X":-590.595337,"Y":139.818787,"Z":2837.512},"Vector":{"X":0.2963987,"Y":0.435731977,"Z":2837.512},"JointType":15,"OrientationMatrix":[0.533827066,-0.841618061,0.0819005147,0.658,0.352612555,-0.665357351,0.5310976,0.4090763,0.7420188]},{"Location":{"X":0.0,"Y":0.0,"Z":0.0},"Vector":{"X":0.0,"Y":0.0,"Z":0.0},"JointType":16,"OrientationMatrix":[1.0,0.0,0.0,0.0,1.0,0.0,0.0,0.0,1.0]},{"Location":{"X":-5.375252,"Y":114.398361,"Z":2910.29761},"Vector":{"X":0.498193264,"Y":0.448731631,"Z":2910.29761},"JointType":17,"OrientationMatrix":[0.9275464,-0.108260348,0.357683331,0.229653284,0.920193553,-0.317022353,-0.294816941,0.3761961,0.8783846]},{"Location":{"X":49.5417557,"Y":-300.5079,"Z":2729.90527},"Vector":{"X":0.51775223,"Y":0.6435738,"Z":2729.90527},"JointType":18,"OrientationMatrix":[0.9275464,-0.195559442,0.3184559,0.229653284,0.9705383,-0.072902225,-0.294816941,0.14075464,0.9451302]},{"Location":{"X":128.784164,"Y":-739.6732,"Z":2672.992},"Vector":{"X":0.5471295,"Y":0.860918641,"Z":2672.992},"JointType":19,"OrientationMatrix":[0.9275464,-0.195559442,0.3184559,0.229653284,0.9705383,-0.072902225,-0.294816941,0.14075464,0.9451302]},{"Location":{"X":0.0,"Y":0.0,"Z":0.0},"Vector":{"X":0.0,"Y":0.0,"Z":0.0},"JointType":20,"OrientationMatrix":[1.0,0.0,0.0,0.0,1.0,0.0,0.0,0.0,1.0]},{"Location":{"X":-241.801025,"Y":117.214462,"Z":2918.228},"Vector":{"X":0.418947369,"Y":0.447612345,"Z":2918.228},"JointType":21,"OrientationMatrix":[0.5942763,0.05801261,-0.8021659,-0.320046037,0.932080567,-0.169694737,0.737838864,0.3575756,0.572480142]},{"Location":{"X":-275.5153,"Y":-308.019379,"Z":2757.779},"Vector":{"X":0.402273029,"Y":0.645675242,"Z":2757.779},"JointType":22,"OrientationMatrix":[0.5942763,0.127705216,-0.7940573,-0.320046037,0.9433236,-0.087812826,0.737838864,0.306319982,0.6014664]},{"Location":{"X":-326.508331,"Y":-731.553955,"Z":2614.94067},"Vector":{"X":0.3778592,"Y":0.8648813,"Z":2614.94067},"JointType":23,"OrientationMatrix":[0.5942763,0.127705216,-0.7940573,-0.320046037,0.9433236,-0.087812826,0.737838864,0.306319982,0.6014664]},{"Location":{"X":0.0,"Y":0.0,"Z":0.0},"Vector":{"X":0.0,"Y":0.0,"Z":0.0},"JointType":24,"OrientationMatrix":[1.0,0.0,0.0,0.0,1.0,0.0,0.0,0.0,1.0]}]}},{"Ticks":"1543237326083","Skeleton":{"Joints":[{"Location":{"X":0.0,"Y":0.0,"Z":0.0},"Vector":{"X":0.0,"Y":0.0,"Z":0.0},"JointType":0,"OrientationMatrix":[1.0,0.0,0.0,0.0,1.0,0.0,0.0,0.0,1.0]},{"Location":{"X":-129.894455,"Y":900.559937,"Z":2984.86133},"Vector":{"X":0.4574309,"Y":0.106490269,"Z":2984.86133},"JointType":1,"OrientationMatrix":[0.9997741,-0.0035996933,-0.0209470149,0.00242062681,0.998425364,-0.05604356,0.02111577,0.0559801944,0.9982086]},{"Location":{"X":-124.73822,"Y":762.366333,"Z":2972.79419},"Vector":{"X":0.458954751,"Y":0.165523291,"Z":2972.79419},"JointType":2,"OrientationMatrix":[0.9997741,-0.0035996933,-0.0209470149,0.00242062681,0.998425364,-0.05604356,0.02111577,0.0559801944,0.9982086]},{"Location":{"X":-124.993774,"Y":379.528564,"Z":2959.78613},"Vector":{"X":0.458689868,"Y":0.332755744,"Z":2959.78613},"JointType":3,"OrientationMatrix":[0.9997741,-0.0035996933,-0.0209470149,0.00242062681,0.998425364,-0.05604356,0.02111577,0.0559801944,0.9982086]},{"Location":{"X":-122.984726,"Y":161.860626,"Z":2910.333},"Vector":{"X":0.458663225,"Y":0.427462,"Z":2910.333},"JointType":4,"OrientationMatrix":[0.9984364,0.000862465939,0.0558928773,0.008957024,0.984493136,-0.175194249,-0.0551772527,0.175420955,0.982946038]},{"Location":{"X":-124.799721,"Y":670.2332,"Z":2969.66357},"Vector":{"X":0.4588912,"Y":0.205635309,"Z":2969.66357},"JointType":5,"OrientationMatrix":[0.9997741,-0.0035996933,-0.0209470149,0.00242062681,0.998425364,-0.05604356,0.02111577,0.0559801944,0.9982086]},{"Location":{"X":49.0189819,"Y":658.539856,"Z":2983.80884},"Vector":{"X":0.516070247,"Y":0.212142155,"Z":2983.80884},"JointType":6,"OrientationMatrix":[0.203816131,0.8291393,-0.5205641,-0.93902576,0.315972865,0.135616183,0.276928842,0.461182326,0.842983544]},{"Location":{"X":111.575188,"Y":366.7638,"Z":3072.94336},"Vector":{"X":0.5355174,"Y":0.344332159,"Z":3072.94336},"JointType":7,"OrientationMatrix":[0.544570148,0.8291393,-0.126377717,-0.642990947,0.315972865,-0.6976559,-0.538522065,0.461182326,0.705198467]},{"Location":{"X":273.453064,"Y":188.035431,"Z":2907.04077},"Vector":{"X":0.592015266,"Y":0.415636331,"Z":2907.04077},"JointType":8,"OrientationMatrix":[0.54974407,0.8291393,-0.101535365,-0.6106695,0.315972865,-0.726115644,-0.569968641,0.461182326,0.6800343]},{"Location":{"X":305.828644,"Y":152.289764,"Z":2873.86035},"Vector":{"X":0.6040976,"Y":0.430885017,"Z":2873.86035},"JointType":9,"OrientationMatrix":[0.54974407,0.8291393,-0.101535365,-0.6106695,0.315972865,-0.726115644,-0.569968641,0.461182326,0.6800343]},{"Location":{"X":0.0,"Y":0.0,"Z":0.0},"Vector":{"X":0.0,"Y":0.0,"Z":0.0},"JointType":10,"OrientationMatrix":[1.0,0.0,0.0,0.0,1.0,0.0,0.0,0.0,1.0]},{"Location":{"X":-124.799721,"Y":670.2332,"Z":2969.66357},"Vector":{"X":0.4588912,"Y":0.205635309,"Z":2969.66357},"JointType":11,"OrientationMatrix":[0.9997741,-0.0035996933,-0.0209470149,0.00242062681,0.998425364,-0.05604356,0.02111577,0.0559801944,0.9982086]},{"Location":{"X":-299.12262,"Y":659.668457,"Z":2984.458},"Vector":{"X":0.401958048,"Y":0.211711541,"Z":2984.458},"JointType":12,"OrientationMatrix":[0.319719017,-0.82635957,0.46358344,0.9354908,0.3529906,-0.0159562249,-0.150455013,0.438779533,0.8859096]},{"Location":{"X":-400.008057,"Y":367.427734,"Z":3021.99438},"Vector":{"X":0.370519817,"Y":0.341421127,"Z":3021.99438},"JointType":13,"OrientationMatrix":[0.552294433,-0.82635957,0.11000333,0.6602025,0.3529906,-0.6629708,0.5090221,0.438779533,0.7405194]},{"Location":{"X":-565.9025,"Y":181.915848,"Z":2867.92871},"Vector":{"X":0.3069803,"Y":0.4172688,"Z":2867.92871},"JointType":14,"OrientationMatrix":[0.5548798,-0.82635957,0.09611598,0.643366039,0.3529906,-0.6793215,0.527435839,0.438779533,0.727519035]},{"Location":{"X":-599.0814,"Y":144.813477,"Z":2837.11548},"Vector":{"X":0.293444335,"Y":0.433426857,"Z":2837.11548},"JointType":15,"OrientationMatrix":[0.5548798,-0.82635957,0.09611598,0.643366039,0.3529906,-0.6793215,0.527435839,0.438779533,0.727519035]},{"Location":{"X":0.0,"Y":0.0,"Z":0.0},"Vector":{"X":0.0,"Y":0.0,"Z":0.0},"JointType":16,"OrientationMatrix":[1.0,0.0,0.0,0.0,1.0,0.0,0.0,0.0,1.0]},{"Location":{"X":-5.390976,"Y":114.581322,"Z":2910.29785},"Vector":{"X":0.498188019,"Y":0.448649675,"Z":2910.29785},"JointType":17,"OrientationMatrix":[0.9215072,-0.1204329,0.369215935,0.24438183,0.9186989,-0.310273856,-0.3018311,0.376149267,0.876019239]},{"Location":{"X":48.43351,"Y":-303.29248,"Z":2735.05078},"Vector":{"X":0.5173224,"Y":0.6446316,"Z":2735.05078},"JointType":18,"OrientationMatrix":[0.9215072,-0.1763950