[{"Ticks":"1543293116932","Skeleton":{"Joints":[{"Location":{"X":0.0,"Y":0.0,"Z":0.0},"Vector":{"X":0.0,"Y":0.0,"Z":0.0},"JointType":0,"OrientationMatrix":[1.0,0.0,0.0,0.0,1.0,0.0,0.0,0.0,1.0]},{"Location":{"X":-156.021942,"Y":733.7991,"Z":3220.84424},"Vector":{"X":0.452614635,"Y":0.202850878,"Z":3220.84424},"JointType":1,"OrientationMatrix":[0.985381961,0.0466362871,-0.163851961,-0.0337608047,0.996182263,0.0805053338,0.166980878,-0.07379673,0.98319453]},{"Location":{"X":-172.641434,"Y":610.990356,"Z":3243.37061},"Vector":{"X":0.4479313,"Y":0.2543002,"Z":3243.37061},"JointType":2,"OrientationMatrix":[0.985381961,0.0466362871,-0.163851961,-0.0337608047,0.996182263,0.0805053338,0.166980878,-0.07379673,0.98319453]},{"Location":{"X":-189.948334,"Y":231.840149,"Z":3273.41455},"Vector":{"X":0.443237364,"Y":0.40762493,"Z":3273.41455},"JointType":3,"OrientationMatrix":[0.985381961,0.0466362871,-0.163851961,-0.0337608047,0.996182263,0.0805053338,0.166980878,-0.07379673,0.98319453]},{"Location":{"X":-178.365692,"Y":8.2211,"Z":3227.714},"Vector":{"X":0.445943922,"Y":0.496677965,"Z":3227.714},"JointType":4,"OrientationMatrix":[0.9790412,-0.04894762,-0.197692648,0.007905059,0.979091,-0.203269064,0.20350863,0.197446018,0.958957434]},{"Location":{"X":-176.931625,"Y":517.003,"Z":3250.818},"Vector":{"X":0.4467596,"Y":0.292572,"Z":3250.818},"JointType":5,"OrientationMatrix":[0.985381961,0.0466362871,-0.163851961,-0.0337608047,0.996182263,0.0805053338,0.166980878,-0.07379673,0.98319453]},{"Location":{"X":-15.6621857,"Y":487.763672,"Z":3289.70923},"Vector":{"X":0.495342821,"Y":0.306616724,"Z":3289.70923},"JointType":6,"OrientationMatrix":[-0.181567192,0.0468649678,-0.9822612,0.07812759,0.9963938,0.03309767,0.9802701,-0.07073225,-0.184573874]},{"Location":{"X":-15.6621857,"Y":174.431946,"Z":3289.70923},"Vector":{"X":0.495342821,"Y":0.430843085,"Z":3289.70923},"JointType":7,"OrientationMatrix":[-0.0956602544,0.0468649678,-0.9943102,0.07496138,0.9963938,0.0397513174,0.9925875,-0.07073225,-0.0988283455]},{"Location":{"X":-15.6621857,"Y":-111.610504,"Z":3289.70923},"Vector":{"X":0.495342821,"Y":0.544250131,"Z":3289.70923},"JointType":8,"OrientationMatrix":[-0.09566055,0.0468649678,-0.9943102,0.0749613941,0.9963938,0.039751295,0.992587447,-0.07073225,-0.09882865]},{"Location":{"X":-15.6621857,"Y":-228.562424,"Z":3289.70923},"Vector":{"X":0.495342821,"Y":0.590617955,"Z":3289.70923},"JointType":9,"OrientationMatrix":[-0.09566055,0.0468649678,-0.9943102,0.0749613941,0.9963938,0.039751295,0.992587447,-0.07073225,-0.09882865]},{"Location":{"X":0.0,"Y":0.0,"Z":0.0},"Vector":{"X":0.0,"Y":0.0,"Z":0.0},"JointType":10,"OrientationMatrix":[1.0,0.0,0.0,0.0,1.0,0.0,0.0,0.0,1.0]},{"Location":{"X":-176.931625,"Y":517.003,"Z":3250.818},"Vector":{"X":0.4467596,"Y":0.292572,"Z":3250.818},"JointType":11,"OrientationMatrix":[0.985381961,0.0466362871,-0.163851961,-0.0337608047,0.996182263,0.0805053338,0.166980878,-0.07379673,0.98319453]},{"Location":{"X":-349.37146,"Y":507.375824,"Z":3245.625},"Vector":{"X":0.394702673,"Y":0.2961088,"Z":3245.625},"JointType":12,"OrientationMatrix":[0.6589624,-0.633327544,0.4057891,0.71285,0.6979902,-0.068224974,-0.240028039,0.334224433,0.911416769]},{"Location":{"X":-561.4532,"Y":283.50177,"Z":3301.109},"Vector":{"X":0.333627343,"Y":0.387988418,"Z":3301.109},"JointType":13,"OrientationMatrix":[0.6005588,-0.633327544,-0.488083363,0.170900166,0.6979902,-0.6954156,0.781103253,0.334224433,0.5274199]},{"Location":{"X":-729.2397,"Y":248.799316,"Z":3072.05933},"Vector":{"X":0.2677964,"Y":0.394370168,"Z":3072.05933},"JointType":14,"OrientationMatrix":[0.5927657,-0.633327544,-0.497518927,0.159882247,0.6979902,-0.698031068,0.7893456,0.334224433,0.5150024]},{"Location":{"X":-762.797,"Y":241.858826,"Z":3026.24951},"Vector":{"X":0.25343436,"Y":0.395762444,"Z":3026.24951},"JointType":15,"OrientationMatrix":[0.5927657,-0.633327544,-0.497518927,0.159882247,0.6979902,-0.698031068,0.7893456,0.334224433,0.5150024]},{"Location":{"X":0.0,"Y":0.0,"Z":0.0},"Vector":{"X":0.0,"Y":0.0,"Z":0.0},"JointType":16,"OrientationMatrix":[1.0,0.0,0.0,0.0,1.0,0.0,0.0,0.0,1.0]},{"Location":{"X":-53.36857,"Y":-28.0901718,"Z":3247.153},"Vector":{"X":0.48392278,"Y":0.511282861,"Z":3247.153},"JointType":17,"OrientationMatrix":[0.8674139,-0.476435065,0.143536776,0.494059175,0.790360332,-0.36226517,0.0591500551,0.3851495,0.9209567]},{"Location":{"X":171.575409,"Y":-398.1775,"Z":3066.47314},"Vector":{"X":0.5547324,"Y":0.669357538,"Z":3066.47314},"JointType":18,"OrientationMatrix":[0.8674139,-0.496902,-0.0261075012,0.494059175,0.8663142,-0.0735210553,0.0591500551,0.05087453,0.9969519]},{"Location":{"X":391.2802,"Y":-780.958557,"Z":3044.122},"Vector":{"X":0.6257344,"Y":0.8346054,"Z":3044.122},"JointType":19,"OrientationMatrix":[0.8674139,-0.496902,-0.0261075012,0.494059175,0.8663142,-0.0735210553,0.0591500551,0.05087453,0.9969519]},{"Location":{"X":0.0,"Y":0.0,"Z":0.0},"Vector":{"X":0.0,"Y":0.0,"Z":0.0},"JointType":20,"OrientationMatrix":[1.0,0.0,0.0,0.0,1.0,0.0,0.0,0.0,1.0]},{"Location":{"X":-300.822266,"Y":-28.7812157,"Z":3196.0874},"Vector":{"X":0.407929718,"Y":0.511745155,"Z":3196.0874},"JointType":21,"OrientationMatrix":[0.9351424,-0.250890017,-0.250125676,-0.009380525,0.688244343,-0.7254183,0.3541478,0.68071574,0.641253]},{"Location":{"X":-183.650452,"Y":-351.381165,"Z":2876.07227},"Vector":{"X":0.437537342,"Y":0.659347653,"Z":2876.07227},"JointType":22,"OrientationMatrix":[0.9351424,0.07122384,-0.347038656,-0.009380525,0.984217048,0.176716879,0.3541478,-0.162000045,0.9210512]},{"Location":{"X":-215.175659,"Y":-786.419861,"Z":2947.055},"Vector":{"X":0.4285778,"Y":0.848043263,"Z":2947.055},"JointType":23,"OrientationMatrix":[0.9351424,0.07122384,-0.347038656,-0.009380525,0.984217048,0.176716879,0.3541478,-0.162000045,0.9210512]},{"Location":{"X":0.0,"Y":0.0,"Z":0.0},"Vector":{"X":0.0,"Y":0.0,"Z":0.0},"JointType":24,"OrientationMatrix":[1.0,0.0,0.0,0.0,1.0,0.0,0.0,0.0,1.0]}]}},{"Ticks":"1543293116981","Skeleton":{"Joints":[{"Location":{"X":0.0,"Y":0.0,"Z":0.0},"Vector":{"X":0.0,"Y":0.0,"Z":0.0},"JointType":0,"OrientationMatrix":[1.0,0.0,0.0,0.0,1.0,0.0,0.0,0.0,1.0]},{"Location":{"X":-163.9097,"Y":731.7117,"Z":3210.86084},"Vector":{"X":0.450064272,"Y":0.202774867,"Z":3210.86084},"JointType":1,"OrientationMatrix":[0.9957374,0.0359920077,-0.08492128,-0.0279422384,0.9951663,0.09414488,0.08789926,-0.09137069,0.99193]},{"Location":{"X":-178.068054,"Y":609.220337,"Z":3238.07227},"Vector":{"X":0.446206748,"Y":0.254611135,"Z":3238.07227},"JointType":2,"OrientationMatrix":[0.9957374,0.0359920077,-0.08492128,-0.0279422384,0.9951663,0.09414488,0.08789926,-0.09137069,0.99193]},{"Location":{"X":-190.7053,"Y":231.918762,"Z":3274.91064},"Vector":{"X":0.443037182,"Y":0.407635838,"Z":3274.91064},"JointType":3,"OrientationMatrix":[0.9957374,0.0359920077,-0.08492128,-0.0279422384,0.9951663,0.09414488,0.08789926,-0.09137069,0.99193]},{"Location":{"X":-178.052444,"Y":8.325638,"Z":3229.52539},"Vector":{"X":0.4460691,"Y":0.496637642,"Z":3229.52539},"JointType":4,"OrientationMatrix":[0.978553,-0.0553223,-0.1984275,0.0135314092,0.9784451,-0.206063345,0.205550313,0.1989589,0.958209]},{"Location":{"X":-181.212036,"Y":515.352539,"Z":3247.237},"Vector":{"X":0.4454115,"Y":0.293006152,"Z":3247.237},"JointType":5,"OrientationMatrix":[0.9957374,0.0359920077,-0.08492128,-0.0279422384,0.9951663,0.09414488,0.08789926,-0.09137069,0.99193]},{"Location":{"X":-13.8816376,"Y":490.479126,"Z":3270.15186},"Vector":{"X":0.495847553,"Y":0.304377139,"Z":3270.15186},"JointType":6,"OrientationMatrix":[-0.102802746,0.0364645,-0.994033158,0.09166398,0.9954229,0.0270356089,0.9904692,-0.0883377045,-0.105674691]},{"Location":{"X":-13.8816376,"Y":177.190765,"Z":3270.15186},"Vector":{"X":0.495847553,"Y":0.4293292,"Z":3270.15186},"JointType":7,"OrientationMatrix":[-0.01617146,0.0364645,-0.9992041,0.08897268,0.9954229,0.03488655,0.9959028,-0.0883377045,-0.0193417855]},{"Location":{"X":-13.8816376,"Y":-108.812378,"Z":3270.15186},"Vector":{"X":0.495847553,"Y":0.5433988,"Z":3270.15186},"JointType":8,"OrientationMatrix":[-0.0161717646,0.0364645,-0.9992041,0.0889726952,0.9954229,0.03488652,0.9959028,-0.0883377045,-0.0193420909]},{"Location":{"X":-13.8816376,"Y":-225.74823,"Z":3270.15186},"Vector":{"X":0.495847553,"Y":0.590037465,"Z":3270.15186},"JointType":9,"OrientationMatrix":[-0.0161717646,0.0364645,-0.9992041,0.0889726952,0.9954229,0.03488652,0.9959028,-0.0883377045,-0.0193420909]},{"Location":{"X":0.0,"Y":0.0,"Z":0.0},"Vector":{"X":0.0,"Y":0.0,"Z":0.0},"JointType":10,"OrientationMatrix":[1.0,0.0,0.0,0.0,1.0,0.0,0.0,0.0,1.0]},{"Location":{"X":-181.212036,"Y":515.352539,"Z":3247.237},"Vector":{"X":0.4454115,"Y":0.293006152,"Z":3247.237},"JointType":11,"OrientationMatrix":[0.9957374,0.0359920077,-0.08492128,-0.0279422384,0.9951663,0.09414488,0.08789926,-0.09137069,0.99193]},{"Location":{"X":-350.772827,"Y":503.6972,"Z":3271.59375},"Vector":{"X":0.3951195,"Y":0.29919377,"Z":3271.59375},"JointType":12,"OrientationMatrix":[0.6768531,-0.630482733,0.379949123,0.703690946,0.7056934,-0.08255809,-0.216076165,0.323246479,0.9213158]},{"Location":{"X":-568.869934,"Y":280.575775,"Z":3299.88},"Vector":{"X":0.331366777,"Y":0.3891032,"Z":3299.88},"JointType":13,"OrientationMatrix":[0.5925215,-0.630482733,-0.5014078,0.16855146,0.7056934,-0.6881767,0.7877237,0.323246479,0.5244073]},{"Location":{"X":-738.4637,"Y":249.831863,"Z":3071.64624},"Vector":{"X":0.264827669,"Y":0.393917531,"Z":3071.64624},"JointType":14,"OrientationMatrix":[0.584625244,-0.630482733,-0.510592639,0.157792419,0.7056934,-0.690723062,0.7958108,0.323246479,0.5120516]},{"Location":{"X":-772.382446,"Y":243.683075,"Z":3025.99951},"Vector":{"X":0.250315368,"Y":0.394967556,"Z":3025.99951},"JointType":15,"OrientationMatrix":[0.584625244,-0.630482733,-0.510592639,0.157792419,0.7056934,-0.690723062,0.7958108,0.323246479,0.5120516]},{"Location":{"X":0.0,"Y":0.0,"Z":0.0},"Vector":{"X":0.0,"Y":0.0,"Z":0.0},"JointType":16,"OrientationMatrix":[1.0,0.0,0.0,0.0,1.0,0.0,0.0,0.0,1.0]},{"Location":{"X":-52.77044,"Y":-28.372303,"Z":3248.053},"Vector":{"X":0.484107345,"Y":0.511393,"Z":3248.053},"JointType":17,"OrientationMatrix":[0.874980867,-0.4646227,0.136140615,0.4799517,0.7953997,-0.3701157,0.0636779442,0.389185071,0.918956]},{"Location":{"X":169.567322,"Y":-399.429932,"Z":3064.14087},"Vector":{"X":0.554132938,"Y":0.6700195,"Z":3064.14087},"JointType":18,"OrientationMatrix":[0.874980867,-0.48237288,-0.04153226,0.4799517,0.8754651,-0.0566323362,0.0636779442,0.02961873,0.9975309]},{"Location":{"X":377.541382,"Y":-788.7579,"Z":3052.085},"Vector":{"X":0.621003032,"Y":0.837065339,"Z":3052.085},"JointType":19,"OrientationMatrix":[0.874980867,-0.48237288,-0.04153226,0.4799517,0.8754651,-0.0566323362,0.0636779442,0.02961873,0.9975309]},{"Location":{"X":0.0,"Y":0.0,"Z":0.0},"Vector":{"X":0.0,"Y":0.0,"Z":0.0},"JointType":20,"OrientationMatrix":[1.0,0.0,0.0,0.0,1.0,0.0,0.0,0.0,1.0]},{"Location":{"X":-300.115784,"Y":-29.98827,"Z":3196.80737},"Vector":{"X":0.4081666,"Y":0.5122349,"Z":3196.80737},"JointType":21,"OrientationMatrix":[0.935418248,-0.249246567,-0.2507367,-0.0107800346,0.6887733,-0.724896669,0.353378743,0.6807845,0.6416042]},{"Location":{"X":-183.269226,"Y":-352.8809,"Z":2875.82666},"Vector":{"X":0.4376617,"Y":0.660041451,"Z":2875.82666},"JointType":22,"OrientationMatrix":[0.935418248,0.07210311,-0.346112549,-0.0107800346,0.984344244,0.175926715,0.353378743,-0.160833955,0.9215508]},{"Location":{"X":-215.343521,"Y":-787.491333,"Z":2946.959},"Vector":{"X":0.4285198,"Y":0.8485288,"Z":2946.959},"JointType":23,"OrientationMatrix":[0.935418248,0.07210311,-0.346112549,-0.0107800346,0.984344244,0.175926715,0.353378743,-0.160833955,0.9215508]},{"Location":{"X":0.0,"Y":0.0,"Z":0.0},"Vector":{"X":0.0,"Y":0.0,"Z":0.0},"JointType":24,"OrientationMatrix":[1.0,0.0,0.0,0.0,1.0,0.0,0.0,0.0,1.0]}]}},{"Ticks":"1543293117024","Skeleton":{"Joints":[{"Location":{"X":0.0,"Y":0.0,"Z":0.0},"Vector":{"X":0.0,"Y":0.0,"Z":0.0},"JointType":0,"OrientationMatrix":[1.0,0.0,0.0,0.0,1.0,0.0,0.0,0.0,1.0]},{"Location":{"X":-170.867767,"Y":730.276245,"Z":3204.939},"Vector":{"X":0.44784826,"Y":0.20280984,"Z":3204.939},"JointType":1,"OrientationMatrix":[0.9986076,0.0150145479,0.05057104,-0.02126072,0.9918865,0.125336349,-0.04827886,-0.126237,0.9908246]},{"Location":{"X":-183.045471,"Y":607.2489,"Z":3232.88037},"Vector":{"X":0.444614321,"Y":0.2550124,"Z":3232.88037},"JointType":2,"OrientationMatrix":[0.9986076,0.0150145479,0.05057104,-0.02126072,0.9918865,0.125336349,-0.04827886,-0.126237,0.9908246]},{"Location":{"X":-191.4653,"Y":231.425262,"Z":3273.52515},"Vector":{"X":0.442785919,"Y":0.4077934,"Z":3273.52515},"JointType":3,"OrientationMatrix":[0.9986076,0.0150145479,0.05057104,-0.02126072,0.9918865,0.125336349,-0.04827886,-0.126237,0.9908246]},{"Location":{"X":-177.482513,"Y":7.583359,"Z":3229.952},"Vector":{"X":0.446248859,"Y":0.4969378,"Z":3229.952},"JointType":4,"OrientationMatrix":[0.981555,-0.0590904579,-0.1818188,0.0236777849,0.981287,-0.191089436,0.18970798,0.183259726,0.9645863]},{"Location":{"X":-185.146561,"Y":513.4657,"Z":3243.023},"Vector":{"X":0.4441538,"Y":0.293496,"Z":3243.023},"JointType":5,"OrientationMatrix":[0.9986076,0.0150145479,0.05057104,-0.02126072,0.9918865,0.125336349,-0.04827886,-0.126237,0.9908246]},{"Location":{"X":-16.3062286,"Y":490.489258,"Z":3200.527},"Vector":{"X":0.4950162,"Y":0.3001174,"Z":3200.527},"JointType":6,"OrientationMatrix":[0.0326785631,0.0158947,-0.9993395,0.122740753,0.9922413,0.0197954439,0.9919006,-0.123306572,0.0304740947]},{"Location":{"X":-16.3062286,"Y":177.244476,"Z":3200.527},"Vector":{"X":0.4950162,"Y":0.427769929,"Z":3200.527},"JointType":7,"OrientationMatrix":[0.119259357,0.0158947,-0.9927359,0.12056043,0.9922413,0.0303699486,0.9855163,-0.123306572,0.116417788]},{"Location":{"X":-16.3062286,"Y":-108.719086,"Z":3200.527},"Vector":{"X":0.4950162,"Y":0.544304848,"Z":3200.527},"JointType":8,"OrientationMatrix":[0.119259052,0.0158947,-0.9927359,0.120560445,0.9922413,0.0303699113,0.985516369,-0.123306572,0.11641749]},{"Location":{"X":-16.3062286,"Y":-225.638748,"Z":3200.527},"Vector":{"X":0.4950162,"Y":0.591951549,"Z":3200.527},"JointType":9,"OrientationMatrix":[0.119259052,0.0158947,-0.9927359,0.120560445,0.9922413,0.0303699113,0.985516369,-0.123306572,0.11641749]},{"Location":{"X":0.0,"Y":0.0,"Z":0.0},"Vector":{"X":0.0,"Y":0.0,"Z":0.0},"JointType":10,"OrientationMatrix":[1.0,0.0,0.0,0.0,1.0,0.0,0.0,0.0,1.0]},{"Location":{"X":-185.146561,"Y":513.4657,"Z":3243.023},"Vector":{"X":0.4441538,"Y":0.293496,"Z":3243.023},"JointType":11,"OrientationMatrix":[0.9986076,0.0150145479,0.05057104,-0.02126072,0.9918865,0.125336349,-0.04827886,-0.126237,0.9908246]},{"Location":{"X":-355.3653,"Y":500.384521,"Z":3269.859},"Vector":{"X":0.39368996,"Y":0.300408572,"Z":3269.859},"JointType":12,"OrientationMatrix":[0.691392,-0.639464557,0.336247265,0.6942555,0.7168566,-0.06423337,-0.1999661,0.277851939,0.9395807]},{"Location":{"X":-573.235,"Y":277.470459,"Z":3300.91479},"Vector":{"X":0.3301261,"Y":0.390364945,"Z":3300.91479},"JointType":13,"OrientationMatrix":[0.5654435,-0.639464557,-0.520921052,0.193648681,0.7168566,-0.6697886,0.801731765,0.277851939,0.5291734]},{"Location":{"X":-744.4732,"Y":244.420166,"Z":3074.28662},"Vector":{"X":0.2631175,"Y":0.396304548,"Z":3074.28662},"JointType":14,"OrientationMatrix":[0.557666063,-0.639464557,-0.52923876,0.183707133,0.7168566,-0.6725833,0.8094815,0.277851939,0.5172408]},{"Location":{"X":-778.7208,"Y":237.8101,"Z":3028.961},"Vector":{"X":0.2485125,"Y":0.397599131,"Z":3028.961},"JointType":15,"OrientationMatrix":[0.557666063,-0.639464557,-0.52923876,0.183707133,0.7168566,-0.6725833,0.8094815,0.277851939,0.5172408]},{"Location":{"X":0.0,"Y":0.0,"Z":0.0},"Vector":{"X":0.0,"Y":0.0,"Z":0.0},"JointType":16,"OrientationMatrix":[1.0,0.0,0.0,0.0,1.0,0.0,0.0,0.0,1.0]},{"Location":{"X":-51.98854,"Y":-28.669136,"Z":3247.277},"Vector":{"X":0.4843391,"Y":0.511514962,"Z":3247.277},"JointType":17,"OrientationMatrix":[0.8684407,-0.4685761,0.162009776,0.4941738,0.7916986,-0.359173536,0.0400372334,0.3919819,0.9191013]},{"Location":{"X":164.5529,"Y":-404.915161,"Z":3063.38623},"Vector":{"X":0.5525451,"Y":0.672396839,"Z":3063.38623},"JointType":18,"OrientationMatrix":[0.8684407,-0.490298629,0.0736069456,0.4941738,0.8440228,-0.208369285,0.0400372334,0.217330992,0.9752765]},{"Location":{"X":386.744263,"Y":-773.729736,"Z":2966.85815},"Vector":{"X":0.6275133,"Y":0.8401414,"Z":2966.85815},"JointType":19,"OrientationMatrix":[0.8684407,-0.490298629,0.0736069456,0.4941738,0.8440228,-0.208369285,0.0400372334,0.217330992,0.9752765]},{"Location":{"X":0.0,"Y":0.0,"Z":0.0},"Vector":{"X":0.0,"Y":0.0,"Z":0.0},"JointType":20,"OrientationMatrix":[1.0,0.0,0.0,0.0,1.0,0.0,0.0,0.0,1.0]},{"Location":{"X":-301.4293,"Y":-30.3061485,"Z":3203.191},"Vector":{"X":0.4079485,"Y":0.51234,"Z":3203.191},"JointType":21,"OrientationMatrix":[0.9386315,-0.245755285,-0.242023289,-0.008933563,0.6841194,-0.7293153,0.344805926,0.686720431,0.63994056]},{"Location":{"X":-184.351532,"Y":-352.168121,"Z":2879.2085},"Vector":{"X":0.4373672,"Y":0.6595306,"Z":2879.2085},"JointType":22,"OrientationMatrix":[0.9386315,0.06693106,-0.338365436,-0.008933563,0.98538053,0.170133352,0.344805926,-0.1566697,0.9255071]},{"Location":{"X":-215.163345,"Y":-787.277832,"Z":2945.84985},"Vector":{"X":0.4285527,"Y":0.8485655,"Z":2945.84985},"JointType":23,"OrientationMatrix":[0.9386315,0.06693106,-0.338365436,-0.008933563,0.98538053,0.170133352,0.344805926,-0.1566697,0.9255071]},{"Location":{"X":0.0,"Y":0.0,"Z":0.0},"Vector":{"X":0.0,"Y":0.0,"Z":0.0},"JointType":24,"OrientationMatrix":[1.0,0.0,0.0,0.0,1.0,0.0,0.0,0.0,1.0]}]}},{"Ticks":"1543293117069","Skeleton":{"Joints":[{"Location":{"X":0.0,"Y":0.0,"Z":0.0},"Vector":{"X":0.0,"Y":0.0,"Z":0.0},"JointType":0,"OrientationMatrix":[1.0,0.0,0.0,0.0,1.0,0.0,0.0,0.0,1.0]},{"Location":{"X":-179.219116,"Y":725.3412,"Z":3204.10986},"Vector":{"X":0.445285141,"Y":0.2047418,"Z":3204.10986},"JointType":1,"OrientationMatrix":[0.999908268,0.0135436533,-0.000139928263,-0.0134852007,0.9964512,0.0830853,0.00126471021,-0.08307579,0.996542454]},{"Location":{"X":-189.5281,"Y":600.2519,"Z":3231.719},"Vector":{"X":0.4426322,"Y":0.257748216,"Z":3231.719},"JointType":2,"OrientationMatrix":[0.999908268,0.0135436533,-0.000139928263,-0.0134852007,0.9964512,0.0830853,0.00126471021,-0.08307579,0.996542454]},{"Location":{"X":-192.377121,"Y":226.0788,"Z":3273.74414},"Vector":{"X":0.44251734,"Y":0.4099296,"Z":3273.74414},"JointType":3,"OrientationMatrix":[0.999908268,0.0135436533,-0.000139928263,-0.0134852007,0.9964512,0.0830853,0.00126471021,-0.08307579,0.996542454]},{"Location":{"X":-175.774734,"Y":2.6856842,"Z":3229.13379},"Vector":{"X":0.446752548,"Y":0.498915225,"Z":3229.13379},"JointType":4,"OrientationMatrix":[0.981013358,-0.07723251,-0.177898556,0.04044549,0.978589654,-0.201808065,0.189675838,0.1907812,0.9631332]},{"Location":{"X":-190.241821,"Y":506.5168,"Z":3242.24683},"Vector":{"X":0.4426031,"Y":0.296241939,"Z":3242.24683},"JointType":5,"OrientationMatrix":[0.999908268,0.0135436533,-0.000139928263,-0.0134852007,0.9964512,0.0830853,0.00126471021,-0.08307579,0.996542454]},{"Location":{"X":-23.98468,"Y":495.859528,"Z":3300.83252},"Vector":{"X":0.492892116,"Y":0.30406943,"Z":3300.83252},"JointType":6,"OrientationMatrix":[-0.0180429388,0.0142730074,-0.999735355,0.0803441256,0.996685266,0.0127794342,0.996603847,-0.08009228,-0.0191298835]},{"Location":{"X":-23.98468,"Y":182.702515,"Z":3300.83252},"Vector":{"X":0.492892116,"Y":0.427808166,"Z":3300.83252},"JointType":7,"OrientationMatrix":[0.06876346,0.0142730074,-0.9975309,0.0789324,0.996685266,0.019702008,0.9945055,-0.08009228,0.06740893]},{"Location":{"X":-23.98468,"Y":-103.181213,"Z":3300.83252},"Vector":{"X":0.492892116,"Y":0.540770352,"Z":3300.83252},"JointType":8,"OrientationMatrix":[0.06876315,0.0142730074,-0.9975309,0.0789324045,0.996685266,0.0197019838,0.9945056,-0.08009228,0.06740862]},{"Location":{"X":-23.98468,"Y":-220.068237,"Z":3300.83252},"Vector":{"X":0.492892116,"Y":0.586956263,"Z":3300.83252},"JointType":9,"OrientationMatrix":[0.06876315,0.0142730074,-0.9975309,0.0789324045,0.996685266,0.0197019838,0.9945056,-0.08009228,0.06740862]},{"Location":{"X":0.0,"Y":0.0,"Z":0.0},"Vector":{"X":0.0,"Y":0.0,"Z":0.0},"JointType":10,"OrientationMatrix":[1.0,0.0,0.0,0.0,1.0,0.0,0.0,0.0,1.0]},{"Location":{"X":-190.241821,"Y":506.5168,"Z":3242.24683},"Vector":{"X":0.4426031,"Y":0.296241939,"Z":3242.24683},"JointType":11,"OrientationMatrix":[0.999908268,0.0135436533,-0.000139928263,-0.0134852007,0.9964512,0.0830853,0.00126471021,-0.08307579,0.996542454]},{"Location":{"X":-368.5752,"Y":503.270233,"Z":3271.91577},"Vector":{"X":0.389807433,"Y":0.29938373,"Z":3271.91577},"JointType":12,"OrientationMatrix":[0.641505361,-0.637245357,0.4270705,0.7507022,0.6360518,-0.178561777,-0.157851309,0.4351511,0.886412144]},{"Location":{"X":-572.8507,"Y":268.187,"Z":3304.69849},"Vector":{"X":0.330434352,"Y":0.3941544,"Z":3304.69849},"JointType":13,"OrientationMatrix":[0.6419892,-0.637245357,-0.426342964,0.125754833,0.6360518,-0.7613303,0.7563304,0.4351511,0.488475025]},{"Location":{"X":-753.285156,"Y":238.918732,"Z":3084.88867},"Vector":{"X":0.2611374,"Y":0.3989869,"Z":3084.88867},"JointType":14,"OrientationMatrix":[0.6359895,-0.637245357,-0.435242176,0.115140073,0.6360518,-0.76300776,0.763059735,0.4351511,0.477894723]},{"Location":{"X":-789.3721,"Y":233.065079,"Z":3040.92676},"Vector":{"X":0.246075824,"Y":0.400037229,"Z":3040.92676},"JointType":15,"OrientationMatrix":[0.6359895,-0.637245357,-0.435242176,0.115140073,0.6360518,-0.76300776,0.763059735,0.4351511,0.477894723]},{"Location":{"X":0.0,"Y":0.0,"Z":0.0},"Vector":{"X":0.0,"Y":0.0,"Z":0.0},"JointType":16,"OrientationMatrix":[1.0,0.0,0.0,0.0,1.0,0.0,0.0,0.0,1.0]},{"Location":{"X":-49.67173,"Y":-26.9665,"Z":3247.13525},"Vector":{"X":0.485036373,"Y":0.5108316,"Z":3247.13525},"JointType":17,"OrientationMatrix":[0.8822864,-0.448175162,0.143908679,0.4670805,0.7956523,-0.3857114,0.058365006,0.407524884,0.911327064]},{"Location":{"X":176.930344,"Y":-394.938049,"Z":3054.18921},"Vector":{"X":0.556667566,"Y":0.668655336,"Z":3054.18921},"JointType":18,"OrientationMatrix":[0.8822864,-0.469802082,-0.0292692576,0.4670805,0.881493747,-0.0693150163,0.058365006,0.0474845953,0.9971653]},{"Location":{"X":362.330078,"Y":-794.304443,"Z":3033.36475},"Vector":{"X":0.6168444,"Y":0.841530442,"Z":3033.36475},"JointType":19,"OrientationMatrix":[0.8822864,-0.469802082,-0.0292692576,0.4670805,0.881493747,-0.0693150163,0.058365006,0.0474845953,0.9971653]},{"Location":{"X":0.0,"Y":0.0,"Z":0.0},"Vector":{"X":0.0,"Y":0.0,"Z":0.0},"JointType":20,"OrientationMatrix":[1.0,0.0,0.0,0.0,1.0,0.0,0.0,0.0,1.0]},{"Location":{"X":-300.3521,"Y":-29.69759,"Z":3200.907},"Vector":{"X":0.408212,"Y":0.5121008,"Z":3200.907},"JointType":21,"OrientationMatrix":[0.9391105,-0.246890977,-0.238990158,-0.003209137,0.689184546,-0.724578738,0.343600273,0.6812265,0.646428168]},{"Location":{"X":-183.503555,"Y":-355.946075,"Z":2878.59},"Vector":{"X":0.437641919,"Y":0.661276639,"Z":2878.59},"JointType":22,"OrientationMatrix":[0.9391105,0.07844171,-0.334542,-0.003209137,0.9755544,0.21973452,0.343600273,-0.2052814,0.916405141]},{"Location":{"X":-215.5427,"Y":-786.123535,"Z":2969.2605},"Vector":{"X":0.42899102,"Y":0.8453103,"Z":2969.2605},"JointType":23,"OrientationMatrix":[0.9391105,0.07844171,-0.334542,-0.003209137,0.9755544,0.21973452,0.343600273,-0.2052814,0.916405141]},{"Location":{"X":0.0,"Y":0.0,"Z":0.0},"Vector":{"X":0.0,"Y":0.0,"Z":0.0},"JointType":24,"OrientationMatrix":[1.0,0.0,0.0,0.0,1.0,0.0,0.0,0.0,1.0]}]}},{"Ticks":"1543293117111","Skeleton":{"Joints":[{"Location":{"X":0.0,"Y":0.0,"Z":0.0},"Vector":{"X":0.0,"Y":0.0,"Z":0.0},"JointType":0,"OrientationMatrix":[1.0,0.0,0.0,0.0,1.0,0.0,0.0,0.0,1.0]},{"Location":{"X":-181.206909,"Y":721.1429,"Z":3204.40649},"Vector":{"X":0.4446834,"Y":0.20647794,"Z":3204.40649},"JointType":1,"OrientationMatrix":[0.999552965,0.0129232565,0.0269593522,-0.0151869655,0.996220052,0.08552761,-0.0257521532,-0.08589881,0.995971]},{"Location":{"X":-192.34848,"Y":594.8692,"Z":3231.86475},"Vector":{"X":0.441781133,"Y":0.259931415,"Z":3231.86475},"JointType":2,"OrientationMatrix":[0.999552965,0.0129232565,0.0269593522,-0.0151869655,0.996220052,0.08552761,-0.0257521532,-0.08589881,0.995971]},{"Location":{"X":-192.3524,"Y":221.304718,"Z":3274.101},"Vector":{"X":0.44253096,"Y":0.4118412,"Z":3274.101},"JointType":3,"OrientationMatrix":[0.999552965,0.0129232565,0.0269593522,-0.0151869655,0.996220052,0.08552761,-0.0257521532,-0.08589881,0.995971]},{"Location":{"X":-174.697678,"Y":-1.69723511,"Z":3228.12329},"Vector":{"X":0.447062254,"Y":0.500685751,"Z":3228.12329},"JointType":4,"OrientationMatrix":[0.981703639,-0.0818029046,-0.171948239,0.046475213,0.978643835,-0.2002406,0.184656352,0.1885856,0.964540064]},{"Location":{"X":-192.349457,"Y":501.152435,"Z":3242.46069},"Vector":{"X":0.441971064,"Y":0.2984132,"Z":3242.46069},"JointType":5,"OrientationMatrix":[0.999552965,0.0129232565,0.0269593522,-0.0151869655,0.996220052,0.08552761,-0.0257521532,-0.08589881,0.995971]},{"Location":{"X":-17.0099945,"Y":490.843567,"Z":3276.347},"Vector":{"X":0.4949214,"Y":0.304601967,"Z":3276.347},"JointType":6,"OrientationMatrix":[0.009060092,0.01373345,-0.999864638,0.08281712,0.9964602,0.0144371213,0.996523559,-0.08293671,0.007890657]},{"Location":{"X":-17.0099945,"Y":177.730713,"Z":3276.347},"Vector":{"X":0.4949214,"Y":0.429247856,"Z":3276.347},"JointType":7,"OrientationMatrix":[0.09577551,0.01373345,-0.9953082,0.08125225,0.9964602,0.021568004,0.9920812,-0.08293671,0.09432061]},{"Location":{"X":-17.0099945,"Y":-108.112793,"Z":3276.347},"Vector":{"X":0.4949214,"Y":0.543038249,"Z":3276.347},"JointType":8,"OrientationMatrix":[0.0957752,0.01373345,-0.9953082,0.0812522545,0.9964602,0.02156798,0.9920812,-0.08293671,0.0943203047]},{"Location":{"X":-17.0099945,"Y":-224.983368,"Z":3276.347},"Vector":{"X":0.4949214,"Y":0.5895628,"Z":3276.347},"JointType":9,"OrientationMatrix":[0.0957752,0.01373345,-0.9953082,0.0812522545,0.9964602,0.02156798,0.9920812,-0.08293671,0.0943203047]},{"Location":{"X":0.0,"Y":0.0,"Z":0.0},"Vector":{"X":0.0,"Y":0.0,"Z":0.0},"JointType":10,"OrientationMatrix":[1.0,0.0,0.0,0.0,1.0,0.0,0.0,0.0,1.0]},{"Location":{"X":-192.349457,"Y":501.152435,"Z":3242.46069},"Vector":{"X":0.441971064,"Y":0.2984132,"Z":3242.46069},"JointType":11,"OrientationMatrix":[0.999552965,0.0129232565,0.0269593522,-0.0151869655,0.996220052,0.08552761,-0.0257521532,-0.08589881,0.995971]},{"Location":{"X":-370.4208,"Y":504.846375,"Z":3292.93628},"Vector":{"X":0.3899626,"Y":0.3000401,"Z":3292.93628},"JointType":12,"OrientationMatrix":[0.6439568,-0.6444318,0.4123437,0.7489168,0.641115248,-0.167615,-0.15634343,0.416747957,0.895476341]},{"Location":{"X":-576.467468,"Y":269.353058,"Z":3304.22046},"Vector":{"X":0.3293391,"Y":0.393678784,"Z":3304.22046},"JointType":13,"OrientationMatrix":[0.610924542,-0.6444318,-0.4598683,0.103910729,0.641115248,-0.7603774,0.78484,0.416747957,0.458636433]},{"Location":{"X":-749.444336,"Y":240.932938,"Z":3078.43774},"Vector":{"X":0.2618573,"Y":0.39792186,"Z":3078.43774},"JointType":14,"OrientationMatrix":[0.602683544,-0.6444318,-0.4706168,0.0904267,0.641115248,-0.762098551,0.7928402,0.416747957,0.444663465]},{"Location":{"X":-784.039734,"Y":235.248917,"Z":3033.28125},"Vector":{"X":0.2471554,"Y":0.398846239,"Z":3033.28125},"JointType":15,"OrientationMatrix":[0.602683544,-0.6444318,-0.4706168,0.0904267,0.641115248,-0.762098551,0.7928402,0.416747957,0.444663465]},{"Location":{"X":0.0,"Y":0.0,"Z":0.0},"Vector":{"X":0.0,"Y":0.0,"Z":0.0},"JointType":16,"OrientationMatrix":[1.0,0.0,0.0,0.0,1.0,0.0,0.0,0.0,1.0]},{"Location":{"X":-48.45877,"Y":-25.921196,"Z":3246.97729},"Vector":{"X":0.485401064,"Y":0.5104122,"Z":3246.97729},"JointType":17,"OrientationMatrix":[0.884049952,-0.4476856,0.1342883,0.4629249,0.7990511,-0.383689851,0.06446921,0.401366383,0.913645864]},{"Location":{"X":172.4702,"Y":-401.671356,"Z":3060.45728},"Vector":{"X":0.555125952,"Y":0.6711794,"Z":3060.45728},"JointType":18,"OrientationMatrix":[0.884049952,-0.466066778,-0.0351780355,0.4629249,0.883497655,-0.07164103,0.06446921,0.0470494553,0.996809959]},{"Location":{"X":363.9868,"Y":-797.759033,"Z":3036.49438},"Vector":{"X":0.6172577,"Y":0.8426622,"Z":3036.49438},"JointType":19,"OrientationMatrix":[0.884049952,-0.466066778,-0.0351780355,0.4629249,0.883497655,-0.07164103,0.06446921,0.0470494553,0.996809959]},{"Location":{"X":0.0,"Y":0.0,"Z":0.0},"Vector":{"X":0.0,"Y":0.0,"Z":0.0},"JointType":20,"OrientationMatrix":[1.0,0.0,0.0,0.0,1.0,0.0,0.0,0.0,1.0]},{"Location":{"X":-300.8354,"Y":-29.8837776,"Z":3205.115},"Vector":{"X":0.408185,"Y":0.5121607,"Z":3205.115},"JointType":21,"OrientationMatrix":[0.9388746,-0.241536841,-0.245304778,-0.0136499749,0.685879052,-0.7275875,0.3439886,0.6864618,0.6406575]},{"Location":{"X":-184.383331,"Y":-354.8522,"Z":2880.11963},"Vector":{"X":0.4373762,"Y":0.6606956,"Z":2880.11963},"JointType":22,"OrientationMatrix":[0.9388746,0.07321689,-0.336383373,-0.0136499749,0.984271,0.176137269,0.3439886,-0.1607792,0.9251064]},{"Location":{"X":-215.9313,"Y":-789.105042,"Z":2947.703},"Vector":{"X":0.42834273,"Y":0.8491549,"Z":2947.703},"JointType":23,"OrientationMatrix":[0.9388746,0.07321689,-0.336383373,-0.0136499749,0.984271,0.176137269,0.3439886,-0.1607792,0.9251064]},{"Location":{"X":0.0,"Y":0.0,"Z":0.0},"Vector":{"X":0.0,"Y":0.0,"Z":0.0},"JointType":24,"OrientationMatrix":[1.0,0.0,0.0,0.0,1.0,0.0,0.0,0.0,1.0]}]}},{"Ticks":"1543293117154","Skeleton":{"Joints":[{"Location":{"X":0.0,"Y":0.0,"Z":0.0},"Vector":{"X":0.0,"Y":0.0,"Z":0.0},"JointType":0,"OrientationMatrix":[1.0,0.0,0.0,0.0,1.0,0.0,0.0,0.0,1.0]},{"Location":{"X":-183.19899,"Y":718.365,"Z":3204.36353},"Vector":{"X":0.444074541,"Y":0.207604691,"Z":3204.36353},"JointType":1,"OrientationMatrix":[0.991601348,0.00410546,0.129266813,-0.01995998,0.9923791,0.121594794,-0.1277825,-0.123153724,0.9841264]},{"Location":{"X":-194.826218,"Y":591.172241,"Z":3231.892},"Vector":{"X":0.4410317,"Y":0.2614254,"Z":3231.892},"JointType":2,"OrientationMatrix":[0.991601348,0.00410546,0.129266813,-0.01995998,0.9923791,0.121594794,-0.1277825,-0.123153724,0.9841264]},{"Location":{"X":-192.265076,"Y":218.20578,"Z":3274.27637},"Vector":{"X":0.442560136,"Y":0.413080335,"Z":3274.27637},"JointType":3,"OrientationMatrix":[0.991601348,0.00410546,0.129266813,-0.01995998,0.9923791,0.121594794,-0.1277825,-0.123153724,0.9841264]},{"Location":{"X":-173.639832,"Y":-4.517807,"Z":3227.49927},"Vector":{"X":0.447372675,"Y":0.5018257,"Z":3227.49927},"JointType":4,"OrientationMatrix":[0.985085666,-0.08579236,-0.149150446,0.05622001,0.9797366,-0.192238048,0.162620708,0.1809857,0.969947755]},{"Location":{"X":-194.182816,"Y":497.476959,"Z":3242.53979},"Vector":{"X":0.441419423,"Y":0.2998965,"Z":3242.53979},"JointType":5,"OrientationMatrix":[0.991601348,0.00410546,0.129266813,-0.01995998,0.9923791,0.121594794,-0.1277825,-0.123153724,0.9841264]},{"Location":{"X":-13.5392609,"Y":489.139252,"Z":3208.53784},"Vector":{"X":0.4958722,"Y":0.301165223,"Z":3208.53784},"JointType":6,"OrientationMatrix":[0.1115191,0.005216051,-0.9937486,0.118975095,0.9927237,0.0185621325,0.986614645,-0.120301366,0.110087074]},{"Location":{"X":-13.5392609,"Y":176.07074,"Z":3208.53784},"Vector":{"X":0.4958722,"Y":0.428427339,"Z":3208.53784},"JointType":7,"OrientationMatrix":[0.197317511,0.005216051,-0.980325758,0.116915986,0.9927237,0.0288145728,0.973342955,-0.120301366,0.195271939]},{"Location":{"X":-13.5392609,"Y":-109.732361,"Z":3208.53784},"Vector":{"X":0.4958722,"Y":0.544606149,"Z":3208.53784},"JointType":8,"OrientationMatrix":[0.197317213,0.005216051,-0.9803258,0.116915993,0.9927237,0.0288145375,0.973343,-0.120301366,0.195271641]},{"Location":{"X":-13.5392609,"Y":-226.586426,"Z":3208.53784},"Vector":{"X":0.4958722,"Y":0.592107236,"Z":3208.53784},"JointType":9,"OrientationMatrix":[0.197317213,0.005216051,-0.9803258,0.116915993,0.9927237,0.0288145375,0.973343,-0.120301366,0.195271641]},{"Location":{"X":0.0,"Y":0.0,"Z":0.0},"Vector":{"X":0.0,"Y":0.0,"Z":0.0},"JointType":10,"OrientationMatrix":[1.0,0.0,0.0,0.0,1.0,0.0,0.0,0.0,1.0]},{"Location":{"X":-194.182816,"Y":497.476959,"Z":3242.53979},"Vector":{"X":0.441419423,"Y":0.2998965,"Z":3242.53979},"JointType":11,"OrientationMatrix":[0.991601348,0.00410546,0.129266813,-0.01995998,0.9923791,0.121594794,-0.1277825,-0.123153724,0.9841264]},{"Location":{"X":-379.0496,"Y":502.7733,"Z":3277.37256},"Vector":{"X":0.3868646,"Y":0.299915522,"Z":3277.37256},"JointType":12,"OrientationMatrix":[0.667219341,-0.644098639,0.374106,0.7293013,0.6670298,-0.1522856,-0.1514529,0.3744439,0.9147971]},{"Location":{"X":-582.7683,"Y":266.645416,"Z":3304.835},"Vector":{"X":0.327505827,"Y":0.394767165,"Z":3304.835},"JointType":13,"OrientationMatrix":[0.580949664,-0.644098639,-0.497628868,0.108113222,0.6670298,-0.737145,0.80672735,0.3744439,0.4571463]},{"Location":{"X":-754.1515,"Y":241.704941,"Z":3077.48242},"Vector":{"X":0.260287166,"Y":0.397562981,"Z":3077.48242},"JointType":14,"OrientationMatrix":[0.5726338,-0.644098639,-0.507176,0.09589791,0.6670298,-0.7388334,0.8141831,0.3744439,0.443731517]},{"Location":{"X":-788.4281,"Y":236.716843,"Z":3032.012},"Vector":{"X":0.245633766,"Y":0.398172438,"Z":3032.012},"JointType":15,"OrientationMatrix":[0.5726338,-0.644098639,-0.507176,0.09589791,0.6670298,-0.7388334,0.8141831,0.3744439,0.443731517]},{"Location":{"X":0.0,"Y":0.0,"Z":0.0},"Vector":{"X":0.0,"Y":0.0,"Z":0.0},"JointType":16,"OrientationMatrix":[1.0,0.0,0.0,0.0,1.0,0.0,0.0,0.0,1.0]},{"Location":{"X":-47.14943,"Y":-24.50771,"Z":3247.60815},"Vector":{"X":0.48579827,"Y":0.5098425,"Z":3247.60815},"JointType":17,"OrientationMatrix":[0.877712667,-0.454270661,0.1525077,0.476536065,0.7940377,-0.377382427,0.050336916,0.403908759,0.913413346]},{"Location":{"X":174.295853,"Y":-400.604767,"Z":3058.15063},"Vector":{"X":0.555751443,"Y":0.6708536,"Z":3058.15063},"JointType":18,"OrientationMatrix":[0.877712667,-0.47882548,-0.01861756,0.476536065,0.8762788,-0.07105458,0.050336916,0.0534935668,0.997298658]},{"Location":{"X":377.2998,"Y":-790.643066,"Z":3032.51636},"Vector":{"X":0.6217059,"Y":0.840051234,"Z":3032.51636},"JointType":19,"OrientationMatrix":[0.877712667,-0.47882548,-0.01861756,0.476536065,0.8762788,-0.07105458,0.050336916,0.0534935668,0.997298658]},{"Location":{"X":0.0,"Y":0.0,"Z":0.0},"Vector":{"X":0.0,"Y":0.0,"Z":0.0},"JointType":20,"OrientationMatrix":[1.0,0.0,0.0,0.0,1.0,0.0,0.0,0.0,1.0]},{"Location":{"X":-301.605347,"Y":-30.1703033,"Z":3212.66064},"Vector":{"X":0.40816623,"Y":0.512248456,"Z":3212.66064},"JointType":21,"OrientationMatrix":[0.9356655,-0.235891566,-0.2624601,-0.03309675,0.6818099,-0.7307803,0.3513328,0.6924525,0.6301387]},{"Location":{"X":-185.801056,"Y":-352.9816,"Z":2882.86768},"Vector":{"X":0.436954826,"Y":0.659696162,"Z":2882.86768},"JointType":22,"OrientationMatrix":[0.9356655,0.06405597,-0.3470259,-0.03309675,0.9949819,0.09442249,0.3513328,-0.07686243,0.93309027]},{"Location":{"X":-215.780533,"Y":-791.431,"Z":2912.209},"Vector":{"X":0.427520037,"Y":0.8544521,"Z":2912.209},"JointType":23,"OrientationMatrix":[0.9356655,0.06405597,-0.3470259,-0.03309675,0.9949819,0.09442249,0.3513328,-0.07686243,0.93309027]},{"Location":{"X":0.0,"Y":0.0,"Z":0.0},"Vector":{"X":0.0,"Y":0.0,"Z":0.0},"JointType":24,"OrientationMatrix":[1.0,0.0,0.0,0.0,1.0,0.0,0.0,0.0,1.0]}]}},{"Ticks":"1543293117194","Skeleton":{"Joints":[{"Location":{"X":0.0,"Y":0.0,"Z":0.0},"Vector":{"X":0.0,"Y":0.0,"Z":0.0},"JointType":0,"OrientationMatrix":[1.0,0.0,0.0,0.0,1.0,0.0,0.0,0.0,1.0]},{"Location":{"X":-189.809509,"Y":714.572,"Z":3204.87573},"Vector":{"X":0.4420658,"Y":0.209195033,"Z":3204.87573},"JointType":1,"OrientationMatrix":[0.9990709,-0.002971823,0.04299426,0.0001398416,0.997837961,0.0657224059,-0.0430966169,-0.06565533,0.9969113]},{"Location":{"X":-200.491791,"Y":584.9986,"Z":3231.96436},"Vector":{"X":0.43931824,"Y":0.263922125,"Z":3231.96436},"JointType":2,"OrientationMatrix":[0.9990709,-0.002971823,0.04299426,0.0001398416,0.997837961,0.0657224059,-0.0430966169,-0.06565533,0.9969113]},{"Location":{"X":-191.985809,"Y":213.00116,"Z":3271.9978},"Vector":{"X":0.442603648,"Y":0.415094465,"Z":3271.9978},"JointType":3,"OrientationMatrix":[0.9990709,-0.002971823,0.04299426,0.0001398416,0.997837961,0.0657224059,-0.0430966169,-0.06565533,0.9969113]},{"Location":{"X":-171.300629,"Y":-9.616806,"Z":3225.906},"Vector":{"X":0.448055983,"Y":0.5038882,"Z":3225.906},"JointType":4,"OrientationMatrix":[0.986118138,-0.08980392,-0.139664933,0.062305104,0.979788065,-0.190087944,0.153912678,0.178747341,0.971782]},{"Location":{"X":-198.349091,"Y":491.290344,"Z":3242.049},"Vector":{"X":0.4401535,"Y":0.302355081,"Z":3242.049},"JointType":5,"OrientationMatrix":[0.9990709,-0.002971823,0.04299426,0.0001398416,0.997837961,0.0657224059,-0.0430966169,-0.06565533,0.9969113]},{"Location":{"X":-31.62204,"Y":491.399719,"Z":3317.81567},"Vector":{"X":0.4906768,"Y":0.306825578,"Z":3317.81567},"JointType":6,"OrientationMatrix":[0.025148334,-0.00211392087,-0.9996815,0.06273654,0.99803,-0.0005322063,0.9977132,-0.06270318,0.02523141]},{"Location":{"X":-31.62204,"Y":178.420471,"Z":3317.81567},"Vector":{"X":0.4906768,"Y":0.429861,"Z":3317.81567},"JointType":7,"OrientationMatrix":[0.111787193,-0.00211392087,-0.993729949,0.06254615,0.99803,0.00491290633,0.991761863,-0.06270318,0.111699186]},{"Location":{"X":-31.62204,"Y":-107.30127,"Z":3317.81567},"Vector":{"X":0.4906768,"Y":0.542181253,"Z":3317.81567},"JointType":8,"OrientationMatrix":[0.111786887,-0.00211392087,-0.993729949,0.06254615,0.99803,0.00491288723,0.9917619,-0.06270318,0.111698881]},{"Location":{"X":-31.62204,"Y":-224.122055,"Z":3317.81567},"Vector":{"X":0.4906768,"Y":0.5881048,"Z":3317.81567},"JointType":9,"OrientationMatrix":[0.111786887,-0.00211392087,-0.993729949,0.06254615,0.99803,0.00491288723,0.9917619,-0.06270318,0.111698881]},{"Location":{"X":0.0,"Y":0.0,"Z":0.0},"Vector":{"X":0.0,"Y":0.0,"Z":0.0},"JointType":10,"OrientationMatrix":[1.0,0.0,0.0,0.0,1.0,0.0,0.0,0.0,1.0]},{"Location":{"X":-198.349091,"Y":491.290344,"Z":3242.049},"Vector":{"X":0.4401535,"Y":0.302355081,"Z":3242.049},"JointType":11,"OrientationMatrix":[0.9990709,-0.002971823,0.04299426,0.0001398416,0.997837961,0.0657224059,-0.0430966169,-0.06565533,0.9969113]},{"Location":{"X":-385.721436,"Y":504.565552,"Z":3294.163},"Vector":{"X":0.385460079,"Y":0.300225735,"Z":3294.163},"JointType":12,"OrientationMatrix":[0.6483985,-0.627149761,0.4315814,0.752212465,0.6151013,-0.236277148,-0.1172851,0.477842659,0.8705806]},{"Location":{"X":-587.1485,"Y":265.0919,"Z":3300.12231},"Vector":{"X":0.325961173,"Y":0.39523086,"Z":3300.12231},"JointType":13,"OrientationMatrix":[0.647053063,-0.627149761,-0.433596,0.0699161142,0.6151013,-0.7853421,0.7592325,0.477842659,0.44185102]},{"Location":{"X":-772.4956,"Y":238.841431,"Z":3084.26538},"Vector":{"X":0.254996359,"Y":0.398999184,"Z":3084.26538},"JointType":14,"OrientationMatrix":[0.644354165,-0.627149761,-0.437596649,0.06504898,0.6151013,-0.785760164,0.761955559,0.477842659,0.437138528]},{"Location":{"X":-809.565,"Y":233.591339,"Z":3041.094},"Vector":{"X":0.2395945,"Y":0.39981702,"Z":3041.094},"JointType":15,"OrientationMatrix":[0.644354165,-0.627149761,-0.437596649,0.06504898,0.6151013,-0.785760164,0.761955559,0.477842659,0.437138528]},{"Location":{"X":0.0,"Y":0.0,"Z":0.0},"Vector":{"X":0.0,"Y":0.0,"Z":0.0},"JointType":16,"OrientationMatrix":[1.0,0.0,0.0,0.0,1.0,0.0,0.0,0.0,1.0]},{"Location":{"X":-44.210144,"Y":-20.074646,"Z":3248.95874},"Vector":{"X":0.48668915,"Y":0.5080588,"Z":3248.95874},"JointType":17,"OrientationMatrix":[0.8807381,-0.449093461,0.15038462,0.470772117,0.7954936,-0.381527871,0.0517116636,0.406822979,0.9120422]},{"Location":{"X":176.621841,"Y":-397.894531,"Z":3054.70947},"Vector":{"X":0.556559145,"Y":0.6698889,"Z":3054.70947},"JointType":18,"OrientationMatrix":[0.8807381,-0.472722143,-0.0288833715,0.470772117,0.8805016,-0.0555925071,0.0517116636,0.0353649519,0.998035669]},{"Location":{"X":374.2404,"Y":-790.818237,"