[{"Ticks":"1543294670927","Skeleton":{"Joints":[{"Location":{"X":0.0,"Y":0.0,"Z":0.0},"Vector":{"X":0.0,"Y":0.0,"Z":0.0},"JointType":0,"OrientationMatrix":[1.0,0.0,0.0,0.0,1.0,0.0,0.0,0.0,1.0]},{"Location":{"X":-83.32912,"Y":784.526367,"Z":2954.62671},"Vector":{"X":0.472411871,"Y":0.153684482,"Z":2954.62671},"JointType":1,"OrientationMatrix":[0.9857483,0.136272028,-0.0986417457,-0.113978229,0.9722764,0.204175413,0.123730436,-0.190022558,0.9739519]},{"Location":{"X":-120.642937,"Y":652.803955,"Z":2969.74731},"Vector":{"X":0.460261583,"Y":0.213298291,"Z":2969.74731},"JointType":2,"OrientationMatrix":[0.9857483,0.136272028,-0.0986417457,-0.113978229,0.9722764,0.204175413,0.123730436,-0.190022558,0.9739519]},{"Location":{"X":-166.450348,"Y":306.82666,"Z":3044.34082},"Vector":{"X":0.4465165,"Y":0.3685481,"Z":3044.34082},"JointType":3,"OrientationMatrix":[0.9857483,0.136272028,-0.0986417457,-0.113978229,0.9722764,0.204175413,0.123730436,-0.190022558,0.9739519]},{"Location":{"X":-186.3374,"Y":95.88112,"Z":3024.09375},"Vector":{"X":0.439725578,"Y":0.458647221,"Z":3024.09375},"JointType":4,"OrientationMatrix":[0.9935935,0.112636641,-0.009215065,-0.1128388,0.993284,-0.0255807843,0.006271843,0.02645672,0.9996303]},{"Location":{"X":-132.246658,"Y":565.1626,"Z":2988.643},"Vector":{"X":0.456714869,"Y":0.2533584,"Z":2988.643},"JointType":5,"OrientationMatrix":[0.9857483,0.136272028,-0.0986417457,-0.113978229,0.9722764,0.204175413,0.123730436,-0.190022558,0.9739519]},{"Location":{"X":33.856636,"Y":549.6741,"Z":3033.846},"Vector":{"X":0.510916352,"Y":0.2636918,"Z":3033.846},"JointType":6,"OrientationMatrix":[0.438744456,0.670130134,-0.5986893,-0.853231668,0.51971,-0.0435573459,0.281955749,0.529931247,0.7997961]},{"Location":{"X":173.042328,"Y":284.705444,"Z":3098.47021},"Vector":{"X":0.5546303,"Y":0.380156219,"Z":3098.47021},"JointType":7,"OrientationMatrix":[0.6513444,0.670130134,0.355915844,-0.06940133,0.51971,-0.8515192,-0.7556017,0.529931247,0.38501814]},{"Location":{"X":359.383667,"Y":266.810272,"Z":2883.86328},"Vector":{"X":0.621902347,"Y":0.379331231,"Z":2883.86328},"JointType":8,"OrientationMatrix":[0.6264478,0.670130134,0.3981065,-0.01307981,0.51971,-0.8542426,-0.7793536,0.529931247,0.33433637]},{"Location":{"X":396.651947,"Y":263.231232,"Z":2840.942},"Vector":{"X":0.636576355,"Y":0.379151285,"Z":2840.942},"JointType":9,"OrientationMatrix":[0.6264478,0.670130134,0.3981065,-0.01307981,0.51971,-0.8542426,-0.7793536,0.529931247,0.33433637]},{"Location":{"X":0.0,"Y":0.0,"Z":0.0},"Vector":{"X":0.0,"Y":0.0,"Z":0.0},"JointType":10,"OrientationMatrix":[1.0,0.0,0.0,0.0,1.0,0.0,0.0,0.0,1.0]},{"Location":{"X":-132.246658,"Y":565.1626,"Z":2988.643},"Vector":{"X":0.456714869,"Y":0.2533584,"Z":2988.643},"JointType":11,"OrientationMatrix":[0.9857483,0.136272028,-0.0986417457,-0.113978229,0.9722764,0.204175413,0.123730436,-0.190022558,0.9739519]},{"Location":{"X":-299.898071,"Y":572.453369,"Z":2964.65674},"Vector":{"X":0.401047319,"Y":0.248155355,"Z":2964.65674},"JointType":12,"OrientationMatrix":[0.5513605,-0.7026261,0.449798,0.782239,0.622820258,0.01403767,-0.290006548,0.3441097,0.89302]},{"Location":{"X":-470.459351,"Y":343.728333,"Z":3075.7915},"Vector":{"X":0.3503787,"Y":0.354244322,"Z":3075.7915},"JointType":13,"OrientationMatrix":[0.7103771,-0.7026261,-0.0409999155,0.586114466,0.622820258,-0.5182323,0.3896591,0.3441097,0.8542566]},{"Location":{"X":-666.7259,"Y":179.618164,"Z":2950.70459},"Vector":{"X":0.2789707,"Y":0.4206053,"Z":2950.70459},"JointType":14,"OrientationMatrix":[0.70743835,-0.7026261,-0.07646935,0.5594683,0.622820258,-0.546891332,0.431886762,0.3441097,0.833704]},{"Location":{"X":-705.9792,"Y":146.796127,"Z":2925.68726},"Vector":{"X":0.263956368,"Y":0.434558421,"Z":2925.68726},"JointType":15,"OrientationMatrix":[0.70743835,-0.7026261,-0.07646935,0.5594683,0.622820258,-0.546891332,0.431886762,0.3441097,0.833704]},{"Location":{"X":0.0,"Y":0.0,"Z":0.0},"Vector":{"X":0.0,"Y":0.0,"Z":0.0},"JointType":16,"OrientationMatrix":[1.0,0.0,0.0,0.0,1.0,0.0,0.0,0.0,1.0]},{"Location":{"X":-78.59655,"Y":46.16871,"Z":3049.562},"Vector":{"X":0.474788755,"Y":0.480254084,"Z":3049.562},"JointType":17,"OrientationMatrix":[0.9951627,0.08338278,-0.0519467928,-0.092608355,0.9726978,-0.2127974,0.0327848941,0.216578737,0.9757145]},{"Location":{"X":-122.085518,"Y":-401.386139,"Z":2941.18018},"Vector":{"X":0.459395826,"Y":0.677994967,"Z":2941.18018},"JointType":18,"OrientationMatrix":[0.9951627,0.09823679,-0.0008307279,-0.092608355,0.9409002,0.325776726,0.0327848941,-0.324123919,0.9454464]},{"Location":{"X":-157.688614,"Y":-811.2555,"Z":3077.372},"Vector":{"X":0.449875683,"Y":0.8438307,"Z":3077.372},"JointType":19,"OrientationMatrix":[0.9951627,0.09823679,-0.0008307279,-0.092608355,0.9409002,0.325776726,0.0327848941,-0.324123919,0.9454464]},{"Location":{"X":0.0,"Y":0.0,"Z":0.0},"Vector":{"X":0.0,"Y":0.0,"Z":0.0},"JointType":20,"OrientationMatrix":[1.0,0.0,0.0,0.0,1.0,0.0,0.0,0.0,1.0]},{"Location":{"X":-304.932556,"Y":71.51217,"Z":3036.017},"Vector":{"X":0.401751041,"Y":0.469278455,"Z":3036.017},"JointType":21,"OrientationMatrix":[0.9586757,0.173244163,-0.225671068,-0.2456529,0.9041861,-0.349431068,0.143511757,0.3904278,0.9093792]},{"Location":{"X":-392.9798,"Y":-346.3677,"Z":2858.345},"Vector":{"X":0.3655119,"Y":0.6580483,"Z":2858.345},"JointType":22,"OrientationMatrix":[0.9586757,0.279932618,-0.0507808439,-0.2456529,0.904513359,0.3485832,0.143511757,-0.321703762,0.9359012]},{"Location":{"X":-507.090179,"Y":-741.594543,"Z":2994.66528},"Vector":{"X":0.33436,"Y":0.8229872,"Z":2994.66528},"JointType":23,"OrientationMatrix":[0.9586757,0.279932618,-0.0507808439,-0.2456529,0.904513359,0.3485832,0.143511757,-0.321703762,0.9359012]},{"Location":{"X":0.0,"Y":0.0,"Z":0.0},"Vector":{"X":0.0,"Y":0.0,"Z":0.0},"JointType":24,"OrientationMatrix":[1.0,0.0,0.0,0.0,1.0,0.0,0.0,0.0,1.0]}]}},{"Ticks":"1543294670980","Skeleton":{"Joints":[{"Location":{"X":0.0,"Y":0.0,"Z":0.0},"Vector":{"X":0.0,"Y":0.0,"Z":0.0},"JointType":0,"OrientationMatrix":[1.0,0.0,0.0,0.0,1.0,0.0,0.0,0.0,1.0]},{"Location":{"X":-73.7885742,"Y":793.6457,"Z":2946.79028},"Vector":{"X":0.475505531,"Y":0.148727253,"Z":2946.79028},"JointType":1,"OrientationMatrix":[0.981042564,0.155979559,-0.115003854,-0.128205121,0.9673962,0.218421742,0.145323619,-0.199536949,0.9690542]},{"Location":{"X":-108.292206,"Y":661.1973,"Z":2962.855},"Vector":{"X":0.4642468,"Y":0.208936527,"Z":2962.855},"JointType":2,"OrientationMatrix":[0.981042564,0.155979559,-0.115003854,-0.128205121,0.9673962,0.218421742,0.145323619,-0.199536949,0.9690542]},{"Location":{"X":-162.557144,"Y":317.030334,"Z":3041.80029},"Vector":{"X":0.447723866,"Y":0.364063174,"Z":3041.80029},"JointType":3,"OrientationMatrix":[0.981042564,0.155979559,-0.115003854,-0.128205121,0.9673962,0.218421742,0.145323619,-0.199536949,0.9690542]},{"Location":{"X":-183.592712,"Y":104.749786,"Z":3024.04224},"Vector":{"X":0.4406124,"Y":0.454821467,"Z":3024.04224},"JointType":4,"OrientationMatrix":[0.99252075,0.104534984,-0.06304714,-0.106416345,0.993948162,-0.027250642,0.0598169453,0.0337560736,0.997638464]},{"Location":{"X":-122.024055,"Y":574.105164,"Z":2982.83228},"Vector":{"X":0.459982961,"Y":0.248967677,"Z":2982.83228},"JointType":5,"OrientationMatrix":[0.981042564,0.155979559,-0.115003854,-0.128205121,0.9673962,0.218421742,0.145323619,-0.199536949,0.9690542]},{"Location":{"X":40.18425,"Y":553.6572,"Z":3031.82617},"Vector":{"X":0.5129652,"Y":0.261820883,"Z":3031.82617},"JointType":6,"OrientationMatrix":[0.444640368,0.724238157,-0.527042747,-0.8754587,0.475803077,-0.0847551152,0.189385653,0.499089718,0.845601857]},{"Location":{"X":179.750549,"Y":284.838867,"Z":3067.509},"Vector":{"X":0.557320833,"Y":0.3788899,"Z":3067.509},"JointType":7,"OrientationMatrix":[0.57164526,0.724238157,0.385617465,-0.009523531,0.475803077,-0.87950027,-0.8204456,0.499089718,0.278887868]},{"Location":{"X":343.782776,"Y":286.771576,"Z":2837.15381},"Vector":{"X":0.618530333,"Y":0.3681682,"Z":2837.15381},"JointType":8,"OrientationMatrix":[0.54903847,0.724238157,0.417176038,0.0399859771,0.475803077,-0.87864244,-0.83484,0.499089718,0.23227483]},{"Location":{"X":376.589233,"Y":287.1581,"Z":2791.08276},"Vector":{"X":0.631984651,"Y":0.365811467,"Z":2791.08276},"JointType":9,"OrientationMatrix":[0.54903847,0.724238157,0.417176038,0.0399859771,0.475803077,-0.87864244,-0.83484,0.499089718,0.23227483]},{"Location":{"X":0.0,"Y":0.0,"Z":0.0},"Vector":{"X":0.0,"Y":0.0,"Z":0.0},"JointType":10,"OrientationMatrix":[1.0,0.0,0.0,0.0,1.0,0.0,0.0,0.0,1.0]},{"Location":{"X":-122.024055,"Y":574.105164,"Z":2982.83228},"Vector":{"X":0.459982961,"Y":0.248967677,"Z":2982.83228},"JointType":11,"OrientationMatrix":[0.981042564,0.155979559,-0.115003854,-0.128205121,0.9673962,0.218421742,0.145323619,-0.199536949,0.9690542]},{"Location":{"X":-288.7665,"Y":585.418762,"Z":2955.52148},"Vector":{"X":0.4044257,"Y":0.24165532,"Z":2955.52148},"JointType":12,"OrientationMatrix":[0.569864333,-0.6805875,0.460494727,0.758169532,0.6515867,0.0247732159,-0.316912562,0.3350157,0.8873167]},{"Location":{"X":-464.5735,"Y":365.0277,"Z":3071.86182},"Vector":{"X":0.35206157,"Y":0.345014483,"Z":3071.86182},"JointType":13,"OrientationMatrix":[0.7324756,-0.6805875,0.0167415459,0.6155609,0.6515867,-0.443305254,0.2907994,0.3350157,0.896214366]},{"Location":{"X":-667.459839,"Y":191.636566,"Z":2978.3396},"Vector":{"X":0.2807805,"Y":0.4160789,"Z":2978.3396},"JointType":14,"OrientationMatrix":[0.732576549,-0.6805875,-0.011504964,0.5980158,0.6515867,-0.466703266,0.325128853,0.3350157,0.884339154]},{"Location":{"X":-708.0371,"Y":156.958344,"Z":2959.63525},"Vector":{"X":0.2659837,"Y":0.430830747,"Z":2959.63525},"JointType":15,"OrientationMatrix":[0.732576549,-0.6805875,-0.011504964,0.5980158,0.6515867,-0.466703266,0.325128853,0.3350157,0.884339154]},{"Location":{"X":0.0,"Y":0.0,"Z":0.0},"Vector":{"X":0.0,"Y":0.0,"Z":0.0},"JointType":16,"OrientationMatrix":[1.0,0.0,0.0,0.0,1.0,0.0,0.0,0.0,1.0]},{"Location":{"X":-76.10454,"Y":50.0563774,"Z":3047.62549},"Vector":{"X":0.4755726,"Y":0.478577763,"Z":3047.62549},"JointType":17,"OrientationMatrix":[0.9922395,0.0793076,-0.09576612,-0.09738738,0.9745339,-0.201988533,0.0773081,0.2097474,0.97469455]},{"Location":{"X":-112.613113,"Y":-401.7782,"Z":2943.20166},"Vector":{"X":0.462571949,"Y":0.678046465,"Z":2943.20166},"JointType":18,"OrientationMatrix":[0.9922395,0.116069384,-0.04459532,-0.09738738,0.9484314,0.301651478,0.0773081,-0.294967473,0.952374756]},{"Location":{"X":-158.634445,"Y":-811.4452,"Z":3069.20264},"Vector":{"X":0.4494408,"Y":0.8448265,"Z":3069.20264},"JointType":19,"OrientationMatrix":[0.9922395,0.116069384,-0.04459532,-0.09738738,0.9484314,0.301651478,0.0773081,-0.294967473,0.952374756]},{"Location":{"X":0.0,"Y":0.0,"Z":0.0},"Vector":{"X":0.0,"Y":0.0,"Z":0.0},"JointType":20,"OrientationMatrix":[1.0,0.0,0.0,0.0,1.0,0.0,0.0,0.0,1.0]},{"Location":{"X":-301.402,"Y":70.79273,"Z":3029.54175},"Vector":{"X":0.402681023,"Y":0.469522536,"Z":3029.54175},"JointType":21,"OrientationMatrix":[0.9686551,0.14331162,-0.2029015,-0.207512468,0.915823162,-0.3438117,0.136549681,0.375139564,0.916855752]},{"Location":{"X":-374.799347,"Y":-352.142944,"Z":2850.2937},"Vector":{"X":0.371371418,"Y":0.6611374,"Z":2850.2937},"JointType":22,"OrientationMatrix":[0.9686551,0.236510187,-0.07596161,-0.207512468,0.9385119,0.275923848,0.136549681,-0.251512051,0.9581732]},{"Location":{"X":-470.624268,"Y":-757.8155,"Z":2960.15137},"Vector":{"X":0.344479144,"Y":0.833900154,"Z":2960.15137},"JointType":23,"OrientationMatrix":[0.9686551,0.236510187,-0.07596161,-0.207512468,0.9385119,0.275923848,0.136549681,-0.251512051,0.9581732]},{"Location":{"X":0.0,"Y":0.0,"Z":0.0},"Vector":{"X":0.0,"Y":0.0,"Z":0.0},"JointType":24,"OrientationMatrix":[1.0,0.0,0.0,0.0,1.0,0.0,0.0,0.0,1.0]}]}},{"Ticks":"1543294671018","Skeleton":{"Joints":[{"Location":{"X":0.0,"Y":0.0,"Z":0.0},"Vector":{"X":0.0,"Y":0.0,"Z":0.0},"JointType":0,"OrientationMatrix":[1.0,0.0,0.0,0.0,1.0,0.0,0.0,0.0,1.0]},{"Location":{"X":-55.9106636,"Y":799.121,"Z":2909.20142},"Vector":{"X":0.481200367,"Y":0.14173387,"Z":2909.20142},"JointType":1,"OrientationMatrix":[0.97658,0.177401453,-0.121737972,-0.139669031,0.9531057,0.2684811,0.1636581,-0.245190263,0.9555615]},{"Location":{"X":-90.42966,"Y":671.8749,"Z":2945.09033},"Vector":{"X":0.469964117,"Y":0.202452168,"Z":2945.09033},"JointType":2,"OrientationMatrix":[0.97658,0.177401453,-0.121737972,-0.139669031,0.9531057,0.2684811,0.1636581,-0.245190263,0.9555615]},{"Location":{"X":-154.836029,"Y":330.914032,"Z":3033.56543},"Vector":{"X":0.450071663,"Y":0.357724935,"Z":3033.56543},"JointType":3,"OrientationMatrix":[0.97658,0.177401453,-0.121737972,-0.139669031,0.9531057,0.2684811,0.1636581,-0.245190263,0.9555615]},{"Location":{"X":-178.661728,"Y":121.152252,"Z":3020.2085},"Vector":{"X":0.442134082,"Y":0.447680742,"Z":3020.2085},"JointType":4,"OrientationMatrix":[0.988879,0.104364887,-0.10595379,-0.111736022,0.9915316,-0.0661829039,0.09814936,0.0772857442,0.9921661]},{"Location":{"X":-106.6895,"Y":585.7969,"Z":2967.42651},"Vector":{"X":0.46483022,"Y":0.242525578,"Z":2967.42651},"JointType":5,"OrientationMatrix":[0.97658,0.177401453,-0.121737972,-0.139669031,0.9531057,0.2684811,0.1636581,-0.245190263,0.9555615]},{"Location":{"X":53.3509064,"Y":557.5194,"Z":3010.863},"Vector":{"X":0.5173332,"Y":0.258489519,"Z":3010.863},"JointType":6,"OrientationMatrix":[0.420398,0.8323907,-0.361097276,-0.9035703,0.4203085,-0.08307525,0.08262119,0.361201435,0.9288204]},{"Location":{"X":188.671783,"Y":278.17395,"Z":3020.25781},"Vector":{"X":0.561107039,"Y":0.379873335,"Z":3020.25781},"JointType":7,"OrientationMatrix":[0.3289248,0.8323907,0.4460204,0.149858117,0.4203085,-0.8949208,-0.93239,0.361201435,0.01350938]},{"Location":{"X":279.069153,"Y":324.699829,"Z":2759.769},"Vector":{"X":0.5989162,"Y":0.34654665,"Z":2759.769},"JointType":8,"OrientationMatrix":[0.300784826,0.8323907,0.465461254,0.204777479,0.4203085,-0.8839722,-0.9314476,0.361201435,-0.04403245]},{"Location":{"X":297.148621,"Y":334.005,"Z":2707.67139},"Vector":{"X":0.607350945,"Y":0.339111865,"Z":2707.67139},"JointType":9,"OrientationMatrix":[0.300784826,0.8323907,0.465461254,0.204777479,0.4203085,-0.8839722,-0.9314476,0.361201435,-0.04403245]},{"Location":{"X":0.0,"Y":0.0,"Z":0.0},"Vector":{"X":0.0,"Y":0.0,"Z":0.0},"JointType":10,"OrientationMatrix":[1.0,0.0,0.0,0.0,1.0,0.0,0.0,0.0,1.0]},{"Location":{"X":-106.6895,"Y":585.7969,"Z":2967.42651},"Vector":{"X":0.46483022,"Y":0.242525578,"Z":2967.42651},"JointType":11,"OrientationMatrix":[0.97658,0.177401453,-0.121737972,-0.139669031,0.9531057,0.2684811,0.1636581,-0.245190263,0.9555615]},{"Location":{"X":-266.427338,"Y":587.7144,"Z":2940.8584},"Vector":{"X":0.411379755,"Y":0.2393491,"Z":2940.8584},"JointType":12,"OrientationMatrix":[0.594682932,-0.6488969,0.474641979,0.7093828,0.7013362,0.07002554,-0.378322959,0.29505986,0.877388954]},{"Location":{"X":-455.738739,"Y":382.594818,"Z":3076.95044},"Vector":{"X":0.3551149,"Y":0.337824374,"Z":3076.95044},"JointType":13,"OrientationMatrix":[0.7551982,-0.6488969,0.0927823,0.6409434,0.7013362,-0.311960042,0.137358308,0.29505986,0.945554]},{"Location":{"X":-664.6912,"Y":205.477432,"Z":3020.74365},"Vector":{"X":0.284754366,"Y":0.4112809,"Z":3020.74365},"JointType":14,"OrientationMatrix":[0.7575596,-0.6488969,0.07096676,0.631681144,0.7013362,-0.3303126,0.164567262,0.29505986,0.9411999]},{"Location":{"X":-706.4817,"Y":170.053955,"Z":3009.5022},"Vector":{"X":0.270366877,"Y":0.42630142,"Z":3009.5022},"JointType":15,"OrientationMatrix":[0.7575596,-0.6488969,0.07096676,0.631681144,0.7013362,-0.3303126,0.164567262,0.29505986,0.9411999]},{"Location":{"X":0.0,"Y":0.0,"Z":0.0},"Vector":{"X":0.0,"Y":0.0,"Z":0.0},"JointType":16,"OrientationMatrix":[1.0,0.0,0.0,0.0,1.0,0.0,0.0,0.0,1.0]},{"Location":{"X":-78.28009,"Y":39.66889,"Z":3029.89453},"Vector":{"X":0.4747273,"Y":0.482923865,"Z":3029.89453},"JointType":17,"OrientationMatrix":[0.9579393,0.129506409,-0.256086558,-0.171291247,0.974014163,-0.148174644,0.230242372,0.1858077,0.9552298]},{"Location":{"X":-115.038033,"Y":-416.659363,"Z":2927.58643},"Vector":{"X":0.461562067,"Y":0.685625851,"Z":2927.58643},"JointType":18,"OrientationMatrix":[0.9579393,0.212471783,-0.1928937,-0.171291247,0.9626463,0.209693566,0.230242372,-0.167832717,0.958551347]},{"Location":{"X":-222.544312,"Y":-829.964844,"Z":3015.36255},"Vector":{"X":0.427805334,"Y":0.858993948,"Z":3015.36255},"JointType":19,"OrientationMatrix":[0.9579393,0.212471783,-0.1928937,-0.171291247,0.9626463,0.209693566,0.230242372,-0.167832717,0.958551347]},{"Location":{"X":0.0,"Y":0.0,"Z":0.0},"Vector":{"X":0.0,"Y":0.0,"Z":0.0},"JointType":20,"OrientationMatrix":[1.0,0.0,0.0,0.0,1.0,0.0,0.0,0.0,1.0]},{"Location":{"X":-293.255768,"Y":60.6415253,"Z":3009.64331},"Vector":{"X":0.404685318,"Y":0.4737202,"Z":3009.64331},"JointType":21,"OrientationMatrix":[0.998146653,0.0436008647,0.0424531437,-0.0276637338,0.946462035,-0.3216276,-0.05420353,0.3198571,0.9459141]},{"Location":{"X":-330.5037,"Y":-373.5916,"Z":2836.12769},"Vector":{"X":0.386006832,"Y":0.671806037,"Z":2836.12769},"JointType":22,"OrientationMatrix":[0.998146653,0.014797355,0.0590283237,-0.0276637338,0.9743014,0.223543182,-0.05420353,-0.224761829,0.972905]},{"Location":{"X":-325.714966,"Y":-793.5348,"Z":2953.21069},"Vector":{"X":0.3921124,"Y":0.850460052,"Z":2953.21069},"JointType":23,"OrientationMatrix":[0.998146653,0.014797355,0.0590283237,-0.0276637338,0.9743014,0.223543182,-0.05420353,-0.224761829,0.972905]},{"Location":{"X":0.0,"Y":0.0,"Z":0.0},"Vector":{"X":0.0,"Y":0.0,"Z":0.0},"JointType":24,"OrientationMatrix":[1.0,0.0,0.0,0.0,1.0,0.0,0.0,0.0,1.0]}]}},{"Ticks":"1543294671058","Skeleton":{"Joints":[{"Location":{"X":0.0,"Y":0.0,"Z":0.0},"Vector":{"X":0.0,"Y":0.0,"Z":0.0},"JointType":0,"OrientationMatrix":[1.0,0.0,0.0,0.0,1.0,0.0,0.0,0.0,1.0]},{"Location":{"X":-46.27291,"Y":792.2173,"Z":2892.91},"Vector":{"X":0.4843534,"Y":0.1428288,"Z":2892.91},"JointType":1,"OrientationMatrix":[0.9836721,0.176079512,-0.03721835,-0.160521328,0.951913238,0.260948479,0.08137632,-0.2507134,0.964635]},{"Location":{"X":-83.71591,"Y":670.425659,"Z":2939.9043},"Vector":{"X":0.472145,"Y":0.202570215,"Z":2939.9043},"JointType":2,"OrientationMatrix":[0.9836721,0.176079512,-0.03721835,-0.160521328,0.951913238,0.260948479,0.08137632,-0.2507134,0.964635]},{"Location":{"X":-150.746735,"Y":328.785645,"Z":3027.13745},"Vector":{"X":0.4512871,"Y":0.358339846,"Z":3027.13745},"JointType":3,"OrientationMatrix":[0.9836721,0.176079512,-0.03721835,-0.160521328,0.951913238,0.260948479,0.08137632,-0.2507134,0.964635]},{"Location":{"X":-175.582581,"Y":121.527512,"Z":3014.725},"Vector":{"X":0.4430279,"Y":0.447423249,"Z":3014.725},"JointType":4,"OrientationMatrix":[0.98411876,0.09779757,-0.148141429,-0.101933613,0.9945785,-0.0205710139,0.14532648,0.0353449136,0.988752246]},{"Location":{"X":-100.5995,"Y":584.3741,"Z":2961.87646},"Vector":{"X":0.4667756,"Y":0.242669642,"Z":2961.87646},"JointType":5,"OrientationMatrix":[0.9836721,0.176079512,-0.03721835,-0.160521328,0.951913238,0.260948479,0.08137632,-0.2507134,0.964635]},{"Location":{"X":57.279892,"Y":549.374,"Z":2999.632},"Vector":{"X":0.5186794,"Y":0.261126965,"Z":2999.632},"JointType":6,"OrientationMatrix":[0.512029052,0.8483334,-0.134746656,-0.8460978,0.471058875,-0.249443322,-0.1481375,0.241731077,0.958968937]},{"Location":{"X":200.269028,"Y":282.17865,"Z":2917.946},"Vector":{"X":0.5671374,"Y":0.3738713,"Z":2917.946},"JointType":7,"OrientationMatrix":[0.122784212,0.8483334,0.515028536,0.2690825,0.471058875,-0.840058446,-0.9552584,0.241731077,-0.170433074]},{"Location":{"X":250.35083,"Y":365.417542,"Z":2657.17871},"Vector":{"X":0.592162967,"Y":0.320635855,"Z":2657.17871},"JointType":8,"OrientationMatrix":[0.0952336863,0.8483334,0.5208272,0.3133563,0.471058875,-0.8245674,-0.9448483,0.241731077,-0.22096996]},{"Location":{"X":260.3672,"Y":382.0653,"Z":2605.02515},"Vector":{"X":0.5977693,"Y":0.3087098,"Z":2605.02515},"JointType":9,"OrientationMatrix":[0.0952336863,0.8483334,0.5208272,0.3133563,0.471058875,-0.8245674,-0.9448483,0.241731077,-0.22096996]},{"Location":{"X":0.0,"Y":0.0,"Z":0.0},"Vector":{"X":0.0,"Y":0.0,"Z":0.0},"JointType":10,"OrientationMatrix":[1.0,0.0,0.0,0.0,1.0,0.0,0.0,0.0,1.0]},{"Location":{"X":-100.5995,"Y":584.3741,"Z":2961.87646},"Vector":{"X":0.4667756,"Y":0.242669642,"Z":2961.87646},"JointType":11,"OrientationMatrix":[0.9836721,0.176079512,-0.03721835,-0.160521328,0.951913238,0.260948479,0.08137632,-0.2507134,0.964635]},{"Location":{"X":-259.081,"Y":584.8123,"Z":2944.16553},"Vector":{"X":0.4139201,"Y":0.2409275,"Z":2944.16553},"JointType":12,"OrientationMatrix":[0.593851566,-0.6391076,0.488755375,0.699658155,0.7101516,0.07850588,-0.397264123,0.295340836,0.868881464]},{"Location":{"X":-453.120819,"Y":380.166138,"Z":3081.93481},"Vector":{"X":0.356180131,"Y":0.3391145,"Z":3081.93481},"JointType":13,"OrientationMatrix":[0.7669999,-0.6391076,0.05703208,0.6169592,0.7101516,-0.339184374,0.176273882,0.295340836,0.9389895]},{"Location":{"X":-667.4913,"Y":214.341568,"Z":3018.81616},"Vector":{"X":0.283709615,"Y":0.4073945,"Z":3018.81616},"JointType":14,"OrientationMatrix":[0.7685513,-0.6391076,0.0295034237,0.604405165,0.7101516,-0.361080438,0.209817335,0.295340836,0.9320679]},{"Location":{"X":-710.365356,"Y":181.176651,"Z":3006.19238},"Vector":{"X":0.268850327,"Y":0.421394557,"Z":3006.19238},"JointType":15,"OrientationMatrix":[0.7685513,-0.6391076,0.0295034237,0.604405165,0.7101516,-0.361080438,0.209817335,0.295340836,0.9320679]},{"Location":{"X":0.0,"Y":0.0,"Z":0.0},"Vector":{"X":0.0,"Y":0.0,"Z":0.0},"JointType":16,"OrientationMatrix":[1.0,0.0,0.0,0.0,1.0,0.0,0.0,0.0,1.0]},{"Location":{"X":-80.94696,"Y":25.094223,"Z":3026.918},"Vector":{"X":0.473840564,"Y":0.489187151,"Z":3026.918},"JointType":17,"OrientationMatrix":[0.8724879,0.209565043,-0.441415131,-0.2991857,0.9433424,-0.143502831,0.386332422,0.2572696,0.8857537]},{"Location":{"X":-126.493965,"Y":-431.988861,"Z":2918.16},"Vector":{"X":0.457597733,"Y":0.693076968,"Z":2918.16},"JointType":18,"OrientationMatrix":[0.8724879,0.302903265,-0.38342464,-0.2991857,0.95155555,0.07092231,0.386332422,0.05283631,0.920845032]},{"Location":{"X":-323.4976,"Y":-823.863831,"Z":2868.8103},"Vector":{"X":0.389694422,"Y":0.874559343,"Z":2868.8103},"JointType":19,"OrientationMatrix":[0.8724879,0.302903265,-0.38342464,-0.2991857,0.95155555,0.07092231,0.386332422,0.05283631,0.920845032]},{"Location":{"X":0.0,"Y":0.0,"Z":0.0},"Vector":{"X":0.0,"Y":0.0,"Z":0.0},"JointType":20,"OrientationMatrix":[1.0,0.0,0.0,0.0,1.0,0.0,0.0,0.0,1.0]},{"Location":{"X":-287.007324,"Y":42.2421379,"Z":3016.25171},"Vector":{"X":0.406920582,"Y":0.481733918,"Z":3016.25171},"JointType":21,"OrientationMatrix":[0.9984198,-0.0200065,0.0525129028,0.03484286,0.953563154,-0.299171031,-0.0440890044,0.300528,0.9527534]},{"Location":{"X":-301.6916,"Y":-395.349548,"Z":2839.82715},"Vector":{"X":0.3960799,"Y":0.6815751,"Z":2839.82715},"JointType":22,"OrientationMatrix":[0.9984198,-0.03992782,0.0395428129,0.03484286,0.991937339,0.121845126,-0.0440890044,-0.120274805,0.991761148]},{"Location":{"X":-270.016968,"Y":-828.674255,"Z":2917.5332},"Vector":{"X":0.4094677,"Y":0.870454669,"Z":2917.5332},"JointType":23,"OrientationMatrix":[0.9984198,-0.03992782,0.0395428129,0.03484286,0.991937339,0.121845126,-0.0440890044,-0.120274805,0.991761148]},{"Location":{"X":0.0,"Y":0.0,"Z":0.0},"Vector":{"X":0.0,"Y":0.0,"Z":0.0},"JointType":24,"OrientationMatrix":[1.0,0.0,0.0,0.0,1.0,0.0,0.0,0.0,1.0]}]}},{"Ticks":"1543294671100","Skeleton":{"Joints":[{"Location":{"X":0.0,"Y":0.0,"Z":0.0},"Vector":{"X":0.0,"Y":0.0,"Z":0.0},"JointType":0,"OrientationMatrix":[1.0,0.0,0.0,0.0,1.0,0.0,0.0,0.0,1.0]},{"Location":{"X":-40.5914,"Y":773.634949,"Z":2885.98755},"Vector":{"X":0.486241579,"Y":0.150370046,"Z":2885.98755},"JointType":1,"OrientationMatrix":[0.98244077,0.184296653,-0.0290677473,-0.169888988,0.9480551,0.2689411,0.07712277,-0.2592804,0.9627179]},{"Location":{"X":-78.55022,"Y":654.9507,"Z":2936.32471},"Vector":{"X":0.473831952,"Y":0.209081367,"Z":2936.32471},"JointType":2,"OrientationMatrix":[0.98244077,0.184296653,-0.0290677473,-0.169888988,0.9480551,0.2689411,0.07712277,-0.2592804,0.9627179]},{"Location":{"X":-147.383774,"Y":312.222565,"Z":3022.83325},"Vector":{"X":0.452305973,"Y":0.365284622,"Z":3022.83325},"JointType":3,"OrientationMatrix":[0.98244077,0.184296653,-0.0290677473,-0.169888988,0.9480551,0.2689411,0.07712277,-0.2592804,0.9627179]},{"Location":{"X":-172.894684,"Y":105.99173,"Z":3012.118},"Vector":{"X":0.443851531,"Y":0.454104841,"Z":3012.118},"JointType":4,"OrientationMatrix":[0.9790829,0.09971954,-0.1773491,-0.107163556,0.993697643,-0.03287828,0.172952771,0.0511959232,0.98359865]},{"Location":{"X":-95.83005,"Y":568.912964,"Z":2958.04175},"Vector":{"X":0.46830973,"Y":0.249153212,"Z":2958.04175},"JointType":5,"OrientationMatrix":[0.98244077,0.184296653,-0.0290677473,-0.169888988,0.9480551,0.2689411,0.07712277,-0.2592804,0.9627179]},{"Location":{"X":56.09883,"Y":520.197144,"Z":2981.80322},"Vector":{"X":0.518403649,"Y":0.2724609,"Z":2981.80322},"JointType":6,"OrientationMatrix":[0.463450044,0.8823628,-0.08154729,-0.8508077,0.41737017,-0.3192622,-0.247669682,0.217343152,0.9441513]},{"Location":{"X":207.3594,"Y":261.689117,"Z":2878.89478},"Vector":{"X":0.570457339,"Y":0.381443083,"Z":2878.89478},"JointType":7,"OrientationMatrix":[0.0245747734,0.8823628,0.469927639,0.420371532,0.41737017,-0.805661142,-0.9070192,0.217343152,-0.3606634]},{"Location":{"X":214.04567,"Y":391.907532,"Z":2631.18433},"Vector":{"X":0.579576254,"Y":0.305732846,"Z":2631.18433},"JointType":8,"OrientationMatrix":[-0.003934595,0.8823628,0.4705533,0.468399823,0.41737017,-0.7787193,-0.883507848,0.217343152,-0.414940745]},{"Location":{"X":215.382919,"Y":417.9512,"Z":2581.64233},"Vector":{"X":0.58161,"Y":0.288847357,"Z":2581.64233},"JointType":9,"OrientationMatrix":[-0.003934595,0.8823628,0.4705533,0.468399823,0.41737017,-0.7787193,-0.883507848,0.217343152,-0.414940745]},{"Location":{"X":0.0,"Y":0.0,"Z":0.0},"Vector":{"X":0.0,"Y":0.0,"Z":0.0},"JointType":10,"OrientationMatrix":[1.0,0.0,0.0,0.0,1.0,0.0,0.0,0.0,1.0]},{"Location":{"X":-95.83005,"Y":568.912964,"Z":2958.04175},"Vector":{"X":0.46830973,"Y":0.249153212,"Z":2958.04175},"JointType":11,"OrientationMatrix":[0.98244077,0.184296653,-0.0290677473,-0.169888988,0.9480551,0.2689411,0.07712277,-0.2592804,0.9627179]},{"Location":{"X":-252.880081,"Y":566.018433,"Z":2943.89648},"Vector":{"X":0.4159727,"Y":0.24923031,"Z":2943.89648},"JointType":12,"OrientationMatrix":[0.6286327,-0.587266266,0.509842336,0.6605672,0.749199,0.0484955125,-0.410453141,0.306299269,0.8588999]},{"Location":{"X":-454.754974,"Y":368.210358,"Z":3086.77686},"Vector":{"X":0.3558879,"Y":0.344418555,"Z":3086.77686},"JointType":13,"OrientationMatrix":[0.807191253,-0.587266266,0.05967127,0.570011,0.749199,-0.337325275,0.153394088,0.306299269,0.9394951]},{"Location":{"X":-684.448547,"Y":219.462646,"Z":3027.81055},"Vector":{"X":0.2788737,"Y":0.405463636,"Z":3027.81055},"JointType":14,"OrientationMatrix":[0.8088065,-0.587266266,0.030829262,0.5576108,0.749199,-0.357450843,0.186821565,0.306299269,0.933423]},{"Location":{"X":-730.387268,"Y":189.7131,"Z":3016.01733},"Vector":{"X":0.2631095,"Y":0.4179591,"Z":3016.01733},"JointType":15,"OrientationMatrix":[0.8088065,-0.587266266,0.030829262,0.5576108,0.749199,-0.357450843,0.186821565,0.306299269,0.933423]},{"Location":{"X":0.0,"Y":0.0,"Z":0.0},"Vector":{"X":0.0,"Y":0.0,"Z":0.0},"JointType":16,"OrientationMatrix":[1.0,0.0,0.0,0.0,1.0,0.0,0.0,0.0,1.0]},{"Location":{"X":-85.96297,"Y":-9.786194,"Z":3026.46167},"Vector":{"X":0.472215354,"Y":0.5042174,"Z":3026.46167},"JointType":17,"OrientationMatrix":[0.778053,0.2849203,-0.5598696,-0.388183653,0.918773651,-0.07189209,0.4939099,0.273268074,0.825455964]},{"Location":{"X":-148.0519,"Y":-463.2228,"Z":2908.35522},"Vector":{"X":0.450203955,"Y":0.707734942,"Z":2908.35522},"JointType":18,"OrientationMatrix":[0.778053,0.3369268,-0.530201733,-0.388183653,0.921444833,0.01590334,0.4939099,0.193442,0.847722352]},{"Location":{"X":-366.5446,"Y":-825.5136,"Z":2797.04248},"Vector":{"X":0.371809423,"Y":0.884939253,"Z":2797.04248},"JointType":19,"OrientationMatrix":[0.778053,0.3369268,-0.530201733,-0.388183653,0.921444833,0.01590334,0.4939099,0.193442,0.847722352]},{"Location":{"X":0.0,"Y":0.0,"Z":0.0},"Vector":{"X":0.0,"Y":0.0,"Z":0.0},"JointType":20,"OrientationMatrix":[1.0,0.0,0.0,0.0,1.0,0.0,0.0,0.0,1.0]},{"Location":{"X":-283.631317,"Y":9.923996,"Z":3011.76782},"Vector":{"X":0.4078785,"Y":0.495702326,"Z":3011.76782},"JointType":21,"OrientationMatrix":[0.9961157,-0.0556331575,0.06825309,0.07021092,0.969611764,-0.2343576,-0.0531409457,0.2382394,0.969751537]},{"Location":{"X":-278.9357,"Y":-434.347534,"Z":2850.493},"Vector":{"X":0.404277861,"Y":0.698739648,"Z":2850.493},"JointType":22,"OrientationMatrix":[0.9961157,-0.07175146,0.0510417558,0.07021092,0.997039,0.031362772,-0.0531409457,-0.02765726,0.998203933]},{"Location":{"X":-246.875824,"Y":-869.2964,"Z":2884.783},"Vector":{"X":0.416286856,"Y":0.8930264,"Z":2884.783},"JointType":23,"OrientationMatrix":[0.9961157,-0.07175146,0.0510417558,0.07021092,0.997039,0.031362772,-0.0531409457,-0.02765726,0.998203933]},{"Location":{"X":0.0,"Y":0.0,"Z":0.0},"Vector":{"X":0.0,"Y":0.0,"Z":0.0},"JointType":24,"OrientationMatrix":[1.0,0.0,0.0,0.0,1.0,0.0,0.0,0.0,1.0]}]}},{"Ticks":"1543294671103","Skeleton":{"Joints":[{"Location":{"X":0.0,"Y":0.0,"Z":0.0},"Vector":{"X":0.0,"Y":0.0,"Z":0.0},"JointType":0,"OrientationMatrix":[1.0,0.0,0.0,0.0,1.0,0.0,0.0,0.0,1.0]},{"Location":{"X":-36.6280975,"Y":753.7191,"Z":2884.99756},"Vector":{"X":0.4875807,"Y":0.159253746,"Z":2884.99756},"JointType":1,"OrientationMatrix":[0.983530462,0.180682927,0.00464346772,-0.1762388,0.9530066,0.246410728,0.0400969572,-0.243170813,0.969154358]},{"Location":{"X":-74.39662,"Y":636.45575,"Z":2933.48169},"Vector":{"X":0.475191653,"Y":0.217022553,"Z":2933.48169},"JointType":2,"OrientationMatrix":[0.983530462,0.180682927,0.00464346772,-0.1762388,0.9530066,0.246410728,0.0400969572,-0.243170813,0.969154358]},{"Location":{"X":-145.099945,"Y":294.258362,"Z":3019.70386},"Vector":{"X":0.4529964,"Y":0.372904122,"Z":3019.70386},"JointType":3,"OrientationMatrix":[0.983530462,0.180682927,0.00464346772,-0.1762388,0.9530066,0.246410728,0.0400969572,-0.243170813,0.969154358]},{"Location":{"X":-171.110077,"Y":88.58655,"Z":3008.7937},"Vector":{"X":0.4443697,"Y":0.461599,"Z":3008.7937},"JointType":4,"OrientationMatrix":[0.978596,0.09892736,-0.180452943,-0.105400287,0.99407357,-0.0266176071,0.1767503,0.0450676754,0.9832234]},{"Location":{"X":-92.15625,"Y":550.5008,"Z":2955.1394},"Vector":{"X":0.46949473,"Y":0.257033169,"Z":2955.1394},"JointType":5,"OrientationMatrix":[0.983530462,0.180682927,0.00464346772,-0.1762388,0.9530066,0.246410728,0.0400969572,-0.243170813,0.969154358]},{"Location":{"X":61.2396851,"Y":504.064423,"Z":2985.925},"Vector":{"X":0.5200623,"Y":0.279821873,"Z":2985.925},"JointType":6,"OrientationMatrix":[0.4421659,0.895100832,0.05730408,-0.817309,0.428406239,-0.385323256,-0.369452626,0.123541676,0.921000659]},{"Location":{"X":200.661713,"Y":266.720062,"Z":2836.13257},"Vector":{"X":0.5692096,"Y":0.3773419,"Z":2836.13257},"JointType":7,"OrientationMatrix":[-0.120325774,0.895100832,0.4293206,0.498906881,0.428406239,-0.7533658,-0.858262,0.123541676,-0.498120278]},{"Location":{"X":169.391754,"Y":408.77417,"Z":2598.349},"Vector":{"X":0.56377095,"Y":0.294811547,"Z":2598.349},"JointType":8,"OrientationMatrix":[-0.146707267,0.895100832,0.421036154,0.544647336,0.428406239,-0.720990539,-0.8257337,0.123541676,-0.5503646]},{"Location":{"X":163.137756,"Y":437.185,"Z":2550.79248},"Vector":{"X":0.5625616,"Y":0.276459038,"Z":2550.79248},"JointType":9,"OrientationMatrix":[-0.146707267,0.895100832,0.421036154,0.544647336,0.428406239,-0.720990539,-0.8257337,0.123541676,-0.5503646]},{"Location":{"X":0.0,"Y":0.0,"Z":0.0},"Vector":{"X":0.0,"Y":0.0,"Z":0.0},"JointType":10,"OrientationMatrix":[1.0,0.0,0.0,0.0,1.0,0.0,0.0,0.0,1.0]},{"Location":{"X":-92.15625,"Y":550.5008,"Z":2955.1394},"Vector":{"X":0.46949473,"Y":0.257033169,"Z":2955.1394},"JointType":11,"OrientationMatrix":[0.983530462,0.180682927,0.00464346772,-0.1762388,0.9530066,0.246410728,0.0400969572,-0.243170813,0.969154358]},{"Location":{"X":-251.448776,"Y":551.526367,"Z":2944.18237},"Vector":{"X":0.4164564,"Y":0.25567463,"Z":2944.18237},"JointType":12,"OrientationMatrix":[0.636416852,-0.561825156,0.5285131,0.652821839,0.7572756,0.0189014487,-0.4108494,0.3329957,0.8487147]},{"Location":{"X":-456.147217,"Y":354.239868,"Z":3076.03564},"Vector":{"X":0.3549419,"Y":0.3497989,"Z":3076.03564},"JointType":13,"OrientationMatrix":[0.824682355,-0.561825156,0.06520315,0.544425368,0.7572756,-0.360741854,0.1532971,0.3329957,0.930383742]},{"Location":{"X":-693.969849,"Y":215.179474,"Z":3033.6},"Vector":{"X":0.2762255,"Y":0.407485545,"Z":3033.6},"JointType":14,"OrientationMatrix":[0.8264945,-0.561825156,0.0354873,0.531092644,0.7572756,-0.380097717,0.186674789,0.3329957,0.9242653]},{"Location":{"X":-741.534363,"Y":187.3674,"Z":3025.113},"Vector":{"X":0.260217249,"Y":0.4192171,"Z":3025.113},"JointType":15,"OrientationMatrix":[0.8264945,-0.561825156,0.0354873,0.531092644,0.7572756,-0.380097717,0.186674789,0.3329957,0.9242653]},{"Location":{"X":0.0,"Y":0.0,"Z":0.0},"Vector":{"X":0.0,"Y":0.0,"Z":0.0},"JointType":16,"OrientationMatrix":[1.0,0.0,0.0,0.0,1.0,0.0,0.0,0.0,1.0]},{"Location":{"X":-69.62191,"Y":-7.69236374,"Z":3028.40063},"Vector":{"X":0.4775115,"Y":0.503312945,"Z":3028.40063},"JointType":17,"OrientationMatrix":[0.7671848,0.295996964,-0.569045961,-0.3957481,0.916603267,-0.05676188,0.504788041,0.26874572,0.8203443]},{"Location":{"X":-157.436523,"Y":-454.445618,"Z":2920.87061},"Vector":{"X":0.4472744,"Y":0.7029255,"Z":2920.87061},"JointType":18,"OrientationMatrix":[0.7671848,0.344466239,-0.54108274,-0.3957481,0.918062449,0.0233413521,0.504788041,0.19622533,0.8406454]},{"Location":{"X":-359.497131,"Y":-826.40625,"Z":2796.187},"Vector":{"X":0.3742357,"Y":0.8854734,"Z":2796.187},"JointType":19,"OrientationMatrix":[0.7671848,0.344466239,-0.54108274,-0.3957481,0.918062449,0.0233413521,0.504788041,0.19622533,0.8406454]},{"Location":{"X":0.0,"Y":0.0,"Z":0.0},"Vector":{"X":0.0,"Y":0.0,"Z":0.0},"JointType":20,"OrientationMatrix":[1.0,0.0,0.0,0.0,1.0,0.0,0.0,0.0,1.0]},{"Location":{"X":-289.365,"Y":5.12381,"Z":3007.03052},"Vector":{"X":0.4058682,"Y":0.497777581,"Z":3007.03052},"JointType":21,"OrientationMatrix":[0.995798945,-0.0607745126,0.06849039,0.07509375,0.9700401,-0.231048,-0.05239659,0.235220551,0.970528662]},{"Location":{"X":-275.387054,"Y":-434.92984,"Z":2848.85352},"Vector":{"X":0.405441225,"Y":0.6991206,"Z":2848.85352},"JointType":22,"OrientationMatrix":[0.995798945,-0.07713529,0.04934189,0.07509375,0.9962927,0.0419733524,-0.05239659,-0.03809175,0.9978996]},{"Location":{"X":-240.719925,"Y":-872.8362,"Z":2890.87134},"Vector":{"X":0.41854614,"Y":0.8937957,"Z":2890.87134},"JointType":23,"OrientationMatrix":[0.995798945,-0.07713529,0.04934189,0.07509375,0.9962927,0.0419733524,-0.05239659,-0.03809175,0.9978996]},{"Location":{"X":0.0,"Y":0.0,"Z":0.0},"Vector":{"X":0.0,"Y":0.0,"Z":0.0},"JointType":24,"OrientationMatrix":[1.0,0.0,0.0,0.0,1.0,0.0,0.0,0.0,1.0]}]}},{"Ticks":"1543294671146","Skeleton":{"Joints":[{"Location":{"X":0.0,"Y":0.0,"Z":0.0},"Vector":{"X":0.0,"Y":0.0,"Z":0.0},"JointType":0,"OrientationMatrix":[1.0,0.0,0.0,0.0,1.0,0.0,0.0,0.0,1.0]},{"Location":{"X":-33.056797,"Y":738.970459,"Z":2889.04736},"Vector":{"X":0.4888073,"Y":0.166389719,"Z":2889.04736},"JointType":1,"OrientationMatrix":[0.980448544,0.19188118,-0.0436156131,-0.175051644,0.9517486,0.252054572,0.08987563,-0.239491552,0.966729641]},{"Location":{"X":-70.66196,"Y":622.175232,"Z":2932.723},"Vector":{"X":0.4764309,"Y":0.2233003,"Z":2932.723},"JointType":2,"OrientationMatrix":[0.980448544,0.19188118,-0.0436156131,-0.175051644,0.9517486,0.252054572,0.08987563,-0.239491552,0.966729641]},{"Location":{"X":-142.313049,"Y":280.361572,"Z":3018.226},"Vector":{"X":0.453876585,"Y":0.378847122,"Z":3018.226},"JointType":3,"OrientationMatrix":[0.980448544,0.19188118,-0.0436156131,-0.175051644,0.9517486,0.252054572,0.08987563,-0.239491552,0.966729641]},{"Location":{"X":-169.441864,"Y":75.78714,"Z":3005.56128},"Vector":{"X":0.444852829,"Y":0.467112035,"Z":3005.56128},"JointType":4,"OrientationMatrix":[0.9811597,0.10266947,-0.163660079,-0.107610241,0.993958652,-0.0215912145,0.1604546,0.03879593,0.9862805]},{"Location":{"X":-88.677124,"Y":536.233337,"Z":2954.221},"Vector":{"X":0.470637232,"Y":0.2632566,"Z":2954.221},"JointType":5,"OrientationMatrix":[0.980448544,0.19188118,-0.0436156131,-0.175051644,0.9517486,0.252054572,0.08987563,-0.239491552,0.966729641]},{"Location":{"X":65.79172,"Y":492.825073,"Z":2992.40649},"Vector":{"X":0.521506965,"Y":0.285197556,"Z":2992.40649},"JointType":6,"OrientationMatrix":[0.4017075,0.9070372,0.12615332,-0.806405663,0.4156455,-0.4206527,-0.4339827,0.06724858,0.8984078]},{"Location":{"X":193.149033,"Y":255.0162,"Z":2831.55518},"Vector":{"X":0.5667261,"Y":0.382534653,"Z":2831.55518},"JointType":7,"OrientationMatrix":[-0.16384913,0.9070372,0.387862116,0.495563537,0.4156455,-0.7626635,-0.8529773,0.06724858,-0.517597735]},{"Location":{"X":150.933426,"Y":394.033844,"Z":2593.90332},"Vector":{"X":0.556919336,"Y":0.3018716,"Z":2593.90332},"JointType":8,"OrientationMatrix":[-0.182808653,0.9070372,0.3792948,0.53263247,0.4156455,-0.737252653,-0.826367736,0.06724858,-0.559101045]},{"Location":{"X":142.490311,"Y":421.837372,"Z":2546.373},"Vector":{"X":0.554738343,"Y":0.2839322,"Z":2546.373},"JointType":9,"OrientationMatrix":[-0.182808653,0.9070372,0.3792948,0.53263247,0.4156455,-0.737252653,-0.826367736,0.06724858,-0.559101045]},{"Location":{"X":0.0,"Y":0.0,"Z":0.0},"Vector":{"X":0.0,"Y":0.0,"Z":0.0},"JointType":10,"OrientationMatrix":[1.0,0.0,0.0,0.0,1.0,0.0,0.0,0.0,1.0]},{"Location":{"X":-88.677124,"Y":536.233337,"Z":2954.221},"Vector":{"X":0.470637232,"Y":0.2632566,"Z":2954.221},"JointType":11,"OrientationMatrix":[0.980448544,0.19188118,-0.0436156131,-0.175051644,0.9517486,0.252054572,0.08987563,-0.239491552,0.966729641]},{"Location":{"X":-250.77594,"Y":542.597656,"Z":2944.53735},"Vector":{"X":0.416690022,"Y":0.259659,"Z":2944.53735},"JointType":12,"OrientationMatrix":[0.6614039,-0.5165346,0.543817,0.6366698,0.769935369,-0.043024797,-0.3964801,0.374688625,0.8381002]},{"Location":{"X":-460.0265,"Y":345.736664,"Z":3071.447},"Vector":{"X":0.353489727,"Y":0.353185326,"Z":3071.447},"JointType":13,"OrientationMatrix":[0.8462347,-0.5165346,0.130686209,0.525800467,0.769935369,-0.3615708,0.086143896,0.374688625,0.9231401]},{"Location":{"X":-703.163147,"Y":213.458511,"Z":3040.24463},"Vector":{"X":0.273756653,"Y":0.408426076,"Z":3040.24463},"JointType":14,"OrientationMatrix":[0.849406838,-0.5165346,0.108166575,0.5160127,0.769935369,-0.375407,0.110629439,0.374688625,0.9205268]},{"Location":{"X":-751.790466,"Y":187.002884,"Z":3034.00415},"Vector":{"X":0.257613242,"Y":0.41961053,"Z":3034.00415},"JointType":15,"OrientationMatrix":[0.849406838,-0.5165346,0.108166575,0.5160127,0.769935369,-0.375407,0.110629439,0.374688625,0.9205268]},{"Location":{"X":0.0,"Y":0.0,"Z":0.0},"Vector":{"X":0.0,"Y":0.0,"Z":0.0},"JointType":16,"OrientationMatrix":[1.0,0.0,0.0,0.0,1.0,0.0,0.0,0.0,1.0]},{"Location":{"X":-66.17751,"Y":-13.36689,"Z":3027.701},"Vector":{"X":0.4786191,"Y":0.505758166,"Z":3027.701},"JointType":17,"OrientationMatrix":[0.7269694,0.304424226,-0.615500867,-0.4143267,0.9092644,-0.03964369,0.547584534,0.2838382,0.7871385]},{"Location":{"X":-155.262543,"Y":-458.775269,"Z":2903.97046},"Vector":{"X":0.447699875,"Y":0.706051052,"Z":2903.97046},"JointType":18,"OrientationMatrix":[0.7269694,0.356910259,-0.5866264,-0.4143267,0.909259558,0.03975478,0.547584534,0.214154467,0.808881342]},{"Location":{"X":-364.158569,"Y":-825.7152,"Z":2789.794},"Vector":{"X":0.372313,"Y":0.886033654,"Z":2789.794},"JointType":19,"OrientationMatrix":[0.7269694,0.356910259,-0.5866264,-0.4143267,0.909259558,0.03975478,0.54758