[{"Ticks":"1543237375180","Skeleton":{"Joints":[{"Location":{"X":0.0,"Y":0.0,"Z":0.0},"Vector":{"X":0.0,"Y":0.0,"Z":0.0},"JointType":0,"OrientationMatrix":[1.0,0.0,0.0,0.0,1.0,0.0,0.0,0.0,1.0]},{"Location":{"X":-59.0233727,"Y":855.3479,"Z":3135.94141},"Vector":{"X":0.4815887,"Y":0.1442525,"Z":3135.94141},"JointType":1,"OrientationMatrix":[0.6663377,0.0971311554,-0.7392967,-0.152850434,0.988217533,-0.007930927,0.7298156,0.1182865,0.673333168]},{"Location":{"X":-101.85321,"Y":725.914368,"Z":3090.92163},"Vector":{"X":0.467765957,"Y":0.193687722,"Z":3090.92163},"JointType":2,"OrientationMatrix":[0.6663377,0.0971311554,-0.7392967,-0.152850434,0.988217533,-0.007930927,0.7298156,0.1182865,0.673333168]},{"Location":{"X":-159.068436,"Y":339.8041,"Z":3066.53662},"Vector":{"X":0.449258417,"Y":0.3554735,"Z":3066.53662},"JointType":3,"OrientationMatrix":[0.6663377,0.0971311554,-0.7392967,-0.152850434,0.988217533,-0.007930927,0.7298156,0.1182865,0.673333168]},{"Location":{"X":-171.039032,"Y":116.7959,"Z":3034.227},"Vector":{"X":0.444858879,"Y":0.449795067,"Z":3034.227},"JointType":4,"OrientationMatrix":[0.92507416,0.060864076,-0.3748778,-0.09698422,0.992206454,-0.07823313,0.3671946,0.108728677,0.9237674]},{"Location":{"X":-115.486694,"Y":633.9104,"Z":3085.111},"Vector":{"X":0.463382423,"Y":0.232006609,"Z":3085.111},"JointType":5,"OrientationMatrix":[0.6663377,0.0971311554,-0.7392967,-0.152850434,0.988217533,-0.007930927,0.7298156,0.1182865,0.673333168]},{"Location":{"X":-62.115036,"Y":637.6018,"Z":3262.96436},"Vector":{"X":0.481378615,"Y":0.2451385,"Z":3262.96436},"JointType":6,"OrientationMatrix":[0.4311781,0.555099964,-0.711301267,-0.849493444,0.5154185,-0.112714745,0.3040499,0.65284586,0.693791]},{"Location":{"X":-62.115036,"Y":328.2208,"Z":3262.96436},"Vector":{"X":0.481378615,"Y":0.368803948,"Z":3262.96436},"JointType":7,"OrientationMatrix":[0.76935637,0.555099964,0.316156268,-0.01982806,0.5154185,-0.8567091,-0.638512,0.65284586,0.407547116]},{"Location":{"X":-62.115036,"Y":45.78366,"Z":3262.96436},"Vector":{"X":0.481378615,"Y":0.4816994,"Z":3262.96436},"JointType":8,"OrientationMatrix":[0.811721563,0.555099964,0.181582421,-0.164331928,0.5154185,-0.8410343,-0.560449064,0.65284586,0.509597]},{"Location":{"X":-62.115036,"Y":-69.69417,"Z":3262.96436},"Vector":{"X":0.481378615,"Y":0.5278581,"Z":3262.96436},"JointType":9,"OrientationMatrix":[0.811721563,0.555099964,0.181582421,-0.164331928,0.5154185,-0.8410343,-0.560449064,0.65284586,0.509597]},{"Location":{"X":0.0,"Y":0.0,"Z":0.0},"Vector":{"X":0.0,"Y":0.0,"Z":0.0},"JointType":10,"OrientationMatrix":[1.0,0.0,0.0,0.0,1.0,0.0,0.0,0.0,1.0]},{"Location":{"X":-115.486694,"Y":633.9104,"Z":3085.111},"Vector":{"X":0.463382423,"Y":0.232006609,"Z":3085.111},"JointType":11,"OrientationMatrix":[0.6663377,0.0971311554,-0.7392967,-0.152850434,0.988217533,-0.007930927,0.7298156,0.1182865,0.673333168]},{"Location":{"X":-263.0705,"Y":641.165,"Z":3014.741},"Vector":{"X":0.4146408,"Y":0.22261256,"Z":3014.741},"JointType":12,"OrientationMatrix":[0.765039861,-0.412677824,-0.4943794,0.6302638,0.322193146,0.706370354,-0.132217735,-0.851990938,0.5065865]},{"Location":{"X":-508.269836,"Y":453.356171,"Z":3032.67871},"Vector":{"X":0.336055726,"Y":0.305024475,"Z":3032.67871},"JointType":13,"OrientationMatrix":[0.0114001911,-0.412677824,-0.9108057,0.937105954,0.322193146,-0.134253427,0.348858774,-0.851990938,0.3903959]},{"Location":{"X":-478.7323,"Y":194.8042,"Z":2922.91016},"Vector":{"X":0.339784116,"Y":0.413073957,"Z":2922.91016},"JointType":14,"OrientationMatrix":[-0.0854034349,-0.412677824,-0.9068645,0.917545736,0.322193146,-0.233026579,0.388350457,-0.851990938,0.3511344]},{"Location":{"X":-472.8248,"Y":143.093811,"Z":2900.95654},"Vector":{"X":0.340563655,"Y":0.4356651,"Z":2900.95654},"JointType":15,"OrientationMatrix":[-0.0854034349,-0.412677824,-0.9068645,0.917545736,0.322193146,-0.233026579,0.388350457,-0.851990938,0.3511344]},{"Location":{"X":0.0,"Y":0.0,"Z":0.0},"Vector":{"X":0.0,"Y":0.0,"Z":0.0},"JointType":16,"OrientationMatrix":[1.0,0.0,0.0,0.0,1.0,0.0,0.0,0.0,1.0]},{"Location":{"X":-85.23985,"Y":48.682888,"Z":3082.33667},"Vector":{"X":0.472948551,"Y":0.4794002,"Z":3082.33667},"JointType":17,"OrientationMatrix":[-0.461937249,-0.329615861,-0.823387742,-0.318482578,0.9281024,-0.192859679,0.8277577,0.173145577,-0.533701956]},{"Location":{"X":72.03642,"Y":-377.788635,"Z":2977.34253},"Vector":{"X":0.523667455,"Y":0.6654959,"Z":2977.34253},"JointType":18,"OrientationMatrix":[-0.461937249,-0.2565986,-0.8489824,-0.318482578,0.9413795,-0.111236341,0.8277577,0.2190019,-0.5165804]},{"Location":{"X":202.531128,"Y":-783.1393,"Z":2911.87671},"Vector":{"X":0.568037331,"Y":0.8507786,"Z":2911.87671},"JointType":19,"OrientationMatrix":[-0.461937249,-0.2565986,-0.8489824,-0.318482578,0.9413795,-0.111236341,0.8277577,0.2190019,-0.5165804]},{"Location":{"X":0.0,"Y":0.0,"Z":0.0},"Vector":{"X":0.0,"Y":0.0,"Z":0.0},"JointType":20,"OrientationMatrix":[1.0,0.0,0.0,0.0,1.0,0.0,0.0,0.0,1.0]},{"Location":{"X":-275.035217,"Y":61.2048569,"Z":3009.97729},"Vector":{"X":0.4106173,"Y":0.473479,"Z":3009.97729},"JointType":21,"OrientationMatrix":[0.680317163,0.07208666,-0.729364157,-0.322668046,0.922979653,-0.2097472,0.6580683,0.378037125,0.651178956]},{"Location":{"X":-319.263824,"Y":-355.629456,"Z":2805.20776},"Vector":{"X":0.3886698,"Y":0.6653483,"Z":2805.20776},"JointType":22,"OrientationMatrix":[0.680317163,0.154659569,-0.716414,-0.322668046,0.9408586,-0.103297569,0.6580683,0.301439,0.689986]},{"Location":{"X":-379.3242,"Y":-766.1742,"Z":2689.14941},"Vector":{"X":0.362017542,"Y":0.8716033,"Z":2689.14941},"JointType":23,"OrientationMatrix":[0.680317163,0.154659569,-0.716414,-0.322668046,0.9408586,-0.103297569,0.6580683,0.301439,0.689986]},{"Location":{"X":0.0,"Y":0.0,"Z":0.0},"Vector":{"X":0.0,"Y":0.0,"Z":0.0},"JointType":24,"OrientationMatrix":[1.0,0.0,0.0,0.0,1.0,0.0,0.0,0.0,1.0]}]}},{"Ticks":"1543237375231","Skeleton":{"Joints":[{"Location":{"X":0.0,"Y":0.0,"Z":0.0},"Vector":{"X":0.0,"Y":0.0,"Z":0.0},"JointType":0,"OrientationMatrix":[1.0,0.0,0.0,0.0,1.0,0.0,0.0,0.0,1.0]},{"Location":{"X":-58.9855042,"Y":855.4592,"Z":3136.14844},"Vector":{"X":0.481601715,"Y":0.14422968,"Z":3136.14844},"JointType":1,"OrientationMatrix":[0.6774882,0.08194912,-0.73095423,-0.13055566,0.991391957,-0.009858642,0.723854244,0.102109328,0.6823553]},{"Location":{"X":-101.858414,"Y":725.8965,"Z":3091.0542},"Vector":{"X":0.467765659,"Y":0.1937084,"Z":3091.0542},"JointType":2,"OrientationMatrix":[0.6774882,0.08194912,-0.73095423,-0.13055566,0.991391957,-0.009858642,0.723854244,0.102109328,0.6823553]},{"Location":{"X":-159.016281,"Y":339.6231,"Z":3066.54028},"Vector":{"X":0.4492751,"Y":0.355550677,"Z":3066.54028},"JointType":3,"OrientationMatrix":[0.6774882,0.08194912,-0.73095423,-0.13055566,0.991391957,-0.009858642,0.723854244,0.102109328,0.6823553]},{"Location":{"X":-171.043869,"Y":116.621246,"Z":3034.20825},"Vector":{"X":0.444856972,"Y":0.4498698,"Z":3034.20825},"JointType":4,"OrientationMatrix":[0.9239293,0.0615642741,-0.377577156,-0.09829346,0.992035031,-0.07877142,0.36972025,0.109892592,0.922621548]},{"Location":{"X":-115.472633,"Y":633.8915,"Z":3085.21533},"Vector":{"X":0.463388145,"Y":0.232023671,"Z":3085.21533},"JointType":5,"OrientationMatrix":[0.6774882,0.08194912,-0.73095423,-0.13055566,0.991391957,-0.009858642,0.723854244,0.102109328,0.6823553]},{"Location":{"X":-61.4062347,"Y":646.1972,"Z":3266.71216},"Vector":{"X":0.4816122,"Y":0.2419991,"Z":3266.71216},"JointType":6,"OrientationMatrix":[0.244878411,0.447404146,-0.860153556,-0.9552917,0.262945622,-0.13519372,0.165687382,0.854803562,0.491791159]},{"Location":{"X":73.2846756,"Y":367.877747,"Z":3277.35449},"Vector":{"X":0.5218735,"Y":0.353597969,"Z":3277.35449},"JointType":7,"OrientationMatrix":[0.8525052,0.447404146,0.2703042,0.163492024,0.262945622,-0.95085746,-0.4964929,0.854803562,0.15101552]},{"Location":{"X":317.760132,"Y":366.893829,"Z":3135.92749},"Vector":{"X":0.5991201,"Y":0.3474046,"Z":3135.92749},"JointType":8,"OrientationMatrix":[0.88393563,0.447404146,0.1359682,0.0152998688,0.262945622,-0.9646893,-0.467358232,0.854803562,0.22558178]},{"Location":{"X":366.6552,"Y":366.697052,"Z":3107.642},"Vector":{"X":0.61541307,"Y":0.3460983,"Z":3107.642},"JointType":9,"OrientationMatrix":[0.88393563,0.447404146,0.1359682,0.0152998688,0.262945622,-0.9646893,-0.467358232,0.854803562,0.22558178]},{"Location":{"X":0.0,"Y":0.0,"Z":0.0},"Vector":{"X":0.0,"Y":0.0,"Z":0.0},"JointType":10,"OrientationMatrix":[1.0,0.0,0.0,0.0,1.0,0.0,0.0,0.0,1.0]},{"Location":{"X":-115.472633,"Y":633.8915,"Z":3085.21533},"Vector":{"X":0.463388145,"Y":0.232023671,"Z":3085.21533},"JointType":11,"OrientationMatrix":[0.6774882,0.08194912,-0.73095423,-0.13055566,0.991391957,-0.009858642,0.723854244,0.102109328,0.6823553]},{"Location":{"X":-264.448059,"Y":641.1753,"Z":3018.72852},"Vector":{"X":0.414307177,"Y":0.222974509,"Z":3018.72852},"JointType":12,"OrientationMatrix":[0.764228642,-0.428858757,-0.481699824,0.6269617,0.3188616,0.7108068,-0.15124014,-0.8452263,0.5125612]},{"Location":{"X":-509.9807,"Y":453.43576,"Z":3032.3},"Vector":{"X":0.335483372,"Y":0.304965883,"Z":3032.3},"JointType":13,"OrientationMatrix":[-0.00961827952,-0.428858757,-0.9033204,0.9339705,0.3188616,-0.1613268,0.3572206,-0.8452263,0.397474527]},{"Location":{"X":-479.086517,"Y":194.894119,"Z":2922.88086},"Vector":{"X":0.339663982,"Y":0.413032979,"Z":2922.88086},"JointType":14,"OrientationMatrix":[-0.10777013,-0.428858757,-0.896920145,0.91089493,0.3188616,-0.26191166,0.3983165,-0.8452263,0.3562815]},{"Location":{"X":-472.907684,"Y":143.185791,"Z":2900.997},"Vector":{"X":0.340537965,"Y":0.435624629,"Z":2900.997},"JointType":15,"OrientationMatrix":[-0.10777013,-0.428858757,-0.896920145,0.91089493,0.3188616,-0.26191166,0.3983165,-0.8452263,0.3562815]},{"Location":{"X":0.0,"Y":0.0,"Z":0.0},"Vector":{"X":0.0,"Y":0.0,"Z":0.0},"JointType":16,"OrientationMatrix":[1.0,0.0,0.0,0.0,1.0,0.0,0.0,0.0,1.0]},{"Location":{"X":-85.2989,"Y":48.8323364,"Z":3082.427},"Vector":{"X":0.47293058,"Y":0.479337573,"Z":3082.427},"JointType":17,"OrientationMatrix":[-0.469860852,-0.329409659,-0.818975031,-0.336286962,0.9245995,-0.178960219,0.816175163,0.191324219,-0.5452093]},{"Location":{"X":71.81302,"Y":-376.81665,"Z":2977.55078},"Vector":{"X":0.5235924,"Y":0.6650585,"Z":2977.55078},"JointType":18,"OrientationMatrix":[-0.469860852,-0.2567778,-0.8445685,-0.336286962,0.9366786,-0.09769507,0.816175163,0.238114282,-0.5264596]},{"Location":{"X":202.616089,"Y":-778.5484,"Z":2889.106},"Vector":{"X":0.5686023,"Y":0.851470768,"Z":2889.106},"JointType":19,"OrientationMatrix":[-0.469860852,-0.2567778,-0.8445685,-0.336286962,0.9366786,-0.09769507,0.816175163,0.238114282,-0.5264596]},{"Location":{"X":0.0,"Y":0.0,"Z":0.0},"Vector":{"X":0.0,"Y":0.0,"Z":0.0},"JointType":20,"OrientationMatrix":[1.0,0.0,0.0,0.0,1.0,0.0,0.0,0.0,1.0]},{"Location":{"X":-274.9441,"Y":61.2350044,"Z":3009.93018},"Vector":{"X":0.410645545,"Y":0.473465532,"Z":3009.93018},"JointType":21,"OrientationMatrix":[0.678572059,0.07633225,-0.7305569,-0.332158774,0.9189736,-0.212504119,0.6551416,0.386860251,0.648944259]},{"Location":{"X":-319.4717,"Y":-354.145477,"Z":2804.17188},"Vector":{"X":0.388556182,"Y":0.664719164,"Z":2804.17188},"JointType":22,"OrientationMatrix":[0.678572059,0.161350563,-0.7165933,-0.332158774,0.93753475,-0.103436507,0.6551416,0.3082119,0.689778864]},{"Location":{"X":-385.069336,"Y":-762.404,"Z":2680.30762},"Vector":{"X":0.359465629,"Y":0.870994568,"Z":2680.30762},"JointType":23,"OrientationMatrix":[0.678572059,0.161350563,-0.7165933,-0.332158774,0.93753475,-0.103436507,0.6551416,0.3082119,0.689778864]},{"Location":{"X":0.0,"Y":0.0,"Z":0.0},"Vector":{"X":0.0,"Y":0.0,"Z":0.0},"JointType":24,"OrientationMatrix":[1.0,0.0,0.0,0.0,1.0,0.0,0.0,0.0,1.0]}]}},{"Ticks":"1543237375274","Skeleton":{"Joints":[{"Location":{"X":0.0,"Y":0.0,"Z":0.0},"Vector":{"X":0.0,"Y":0.0,"Z":0.0},"JointType":0,"OrientationMatrix":[1.0,0.0,0.0,0.0,1.0,0.0,0.0,0.0,1.0]},{"Location":{"X":-58.8777046,"Y":855.7821,"Z":3138.95166},"Vector":{"X":0.481651723,"Y":0.144413233,"Z":3138.95166},"JointType":1,"OrientationMatrix":[0.647211254,0.0749059841,-0.7586216,-0.134554654,0.9907609,-0.0169667788,0.7503417,0.113057151,0.651310563]},{"Location":{"X":-101.871429,"Y":725.885132,"Z":3094.39258},"Vector":{"X":0.467796326,"Y":0.194043621,"Z":3094.39258},"JointType":2,"OrientationMatrix":[0.647211254,0.0749059841,-0.7586216,-0.134554654,0.9907609,-0.0169667788,0.7503417,0.113057151,0.651310563]},{"Location":{"X":-158.982254,"Y":339.517273,"Z":3066.8772},"Vector":{"X":0.449291527,"Y":0.355611533,"Z":3066.8772},"JointType":3,"OrientationMatrix":[0.647211254,0.0749059841,-0.7586216,-0.134554654,0.9907609,-0.0169667788,0.7503417,0.113057151,0.651310563]},{"Location":{"X":-171.043167,"Y":116.563705,"Z":3034.226},"Vector":{"X":0.444857538,"Y":0.449894845,"Z":3034.226},"JointType":4,"OrientationMatrix":[0.9236885,0.06044386,-0.378346562,-0.0973136649,0.9921068,-0.0790829,0.3705801,0.109866254,0.922279656]},{"Location":{"X":-115.464508,"Y":633.9248,"Z":3087.84351},"Vector":{"X":0.463421881,"Y":0.232237667,"Z":3087.84351},"JointType":5,"OrientationMatrix":[0.647211254,0.0749059841,-0.7586216,-0.134554654,0.9907609,-0.0169667788,0.7503417,0.113057151,0.651310563]},{"Location":{"X":-63.77622,"Y":649.669067,"Z":3271.227},"Vector":{"X":0.480928838,"Y":0.240970924,"Z":3271.227},"JointType":6,"OrientationMatrix":[0.3290553,0.6227919,-0.709825933,-0.929012358,0.34825927,-0.125105873,0.169288546,0.700603843,0.693177938]},{"Location":{"X":77.53234,"Y":374.334259,"Z":3289.91748},"Vector":{"X":0.523052931,"Y":0.351597369,"Z":3289.91748},"JointType":7,"OrientationMatrix":[0.726893842,0.6227919,0.289405644,0.0736779049,0.34825927,-0.9344983,-0.6827861,0.700603843,0.207261533]},{"Location":{"X":289.759827,"Y":342.678253,"Z":3106.26563},"Vector":{"X":0.5912489,"Y":0.3561152,"Z":3106.26563},"JointType":8,"OrientationMatrix":[0.7664024,0.6227919,0.1573455,-0.09146827,0.34825927,-0.932925,-0.635815144,0.700603843,0.323872447]},{"Location":{"X":332.205322,"Y":336.347046,"Z":3069.53516},"Vector":{"X":0.6058674,"Y":0.357083619,"Z":3069.53516},"JointType":9,"OrientationMatrix":[0.7664024,0.6227919,0.1573455,-0.09146827,0.34825927,-0.932925,-0.635815144,0.700603843,0.323872447]},{"Location":{"X":0.0,"Y":0.0,"Z":0.0},"Vector":{"X":0.0,"Y":0.0,"Z":0.0},"JointType":10,"OrientationMatrix":[1.0,0.0,0.0,0.0,1.0,0.0,0.0,0.0,1.0]},{"Location":{"X":-115.464508,"Y":633.9248,"Z":3087.84351},"Vector":{"X":0.463421881,"Y":0.232237667,"Z":3087.84351},"JointType":11,"OrientationMatrix":[0.647211254,0.0749059841,-0.7586216,-0.134554654,0.9907609,-0.0169667788,0.7503417,0.113057151,0.651310563]},{"Location":{"X":-264.9138,"Y":640.9924,"Z":3025.538},"Vector":{"X":0.414349467,"Y":0.223676875,"Z":3025.538},"JointType":12,"OrientationMatrix":[0.775851548,-0.401085675,-0.487016082,0.615915835,0.3141791,0.7224536,-0.136755511,-0.8604776,0.490791321]},{"Location":{"X":-511.964661,"Y":453.755249,"Z":3031.43848},"Vector":{"X":0.3347964,"Y":0.304772973,"Z":3031.43848},"JointType":13,"OrientationMatrix":[-0.008898518,-0.401085675,-0.9159973,0.9379639,0.3141791,-0.146680787,0.346618772,-0.8604776,0.373408139]},{"Location":{"X":-479.8931,"Y":195.544037,"Z":2921.579},"Vector":{"X":0.339322478,"Y":0.41270408,"Z":2921.579},"JointType":14,"OrientationMatrix":[-0.106564365,-0.401085675,-0.909821033,0.916963935,0.3141791,-0.245903745,0.3844752,-0.8604776,0.3343008]},{"Location":{"X":-473.4788,"Y":143.9018,"Z":2899.60718},"Vector":{"X":0.34026885,"Y":0.4352717,"Z":2899.60718},"JointType":15,"OrientationMatrix":[-0.106564365,-0.401085675,-0.909821033,0.916963935,0.3141791,-0.245903745,0.3844752,-0.8604776,0.3343008]},{"Location":{"X":0.0,"Y":0.0,"Z":0.0},"Vector":{"X":0.0,"Y":0.0,"Z":0.0},"JointType":16,"OrientationMatrix":[1.0,0.0,0.0,0.0,1.0,0.0,0.0,0.0,1.0]},{"Location":{"X":-85.53942,"Y":48.98612,"Z":3082.63159},"Vector":{"X":0.472856045,"Y":0.479273856,"Z":3082.63159},"JointType":17,"OrientationMatrix":[-0.468035966,-0.325480461,-0.8215868,-0.329182,0.9270064,-0.179717422,0.8201107,0.186337352,-0.5410146]},{"Location":{"X":71.6408,"Y":-376.090668,"Z":2977.76782},"Vector":{"X":0.5235341,"Y":0.664728463,"Z":2977.76782},"JointType":18,"OrientationMatrix":[-0.468035966,-0.2526359,-0.846827865,-0.329182,0.9391423,-0.0982396156,0.8201107,0.232780814,-0.522715569]},{"Location":{"X":197.3239,"Y":-782.125,"Z":2896.124},"Vector":{"X":0.5666486,"Y":0.8522298,"Z":2896.124},"JointType":19,"OrientationMatrix":[-0.468035966,-0.2526359,-0.846827865,-0.329182,0.9391423,-0.0982396156,0.8201107,0.232780814,-0.522715569]},{"Location":{"X":0.0,"Y":0.0,"Z":0.0},"Vector":{"X":0.0,"Y":0.0,"Z":0.0},"JointType":20,"OrientationMatrix":[1.0,0.0,0.0,0.0,1.0,0.0,0.0,0.0,1.0]},{"Location":{"X":-274.836182,"Y":61.40027,"Z":3010.008},"Vector":{"X":0.410682917,"Y":0.4733946,"Z":3010.008},"JointType":21,"OrientationMatrix":[0.6804767,0.0774431,-0.7286659,-0.332147,0.9189762,-0.212511569,0.653169036,0.386633366,0.6510644]},{"Location":{"X":-319.0225,"Y":-353.711639,"Z":2804.77173},"Vector":{"X":0.388736665,"Y":0.6644822,"Z":2804.77173},"JointType":22,"OrientationMatrix":[0.6804767,0.159876287,-0.7151161,-0.332147,0.937192142,-0.106533058,0.653169036,0.31001693,0.6908398]},{"Location":{"X":-384.6642,"Y":-762.6686,"Z":2679.18848},"Vector":{"X":0.359554827,"Y":0.871278346,"Z":2679.18848},"JointType":23,"OrientationMatrix":[0.6804767,0.159876287,-0.7151161,-0.332147,0.937192142,-0.106533058,0.653169036,0.31001693,0.6908398]},{"Location":{"X":0.0,"Y":0.0,"Z":0.0},"Vector":{"X":0.0,"Y":0.0,"Z":0.0},"JointType":24,"OrientationMatrix":[1.0,0.0,0.0,0.0,1.0,0.0,0.0,0.0,1.0]}]}},{"Ticks":"1543237375317","Skeleton":{"Joints":[{"Location":{"X":0.0,"Y":0.0,"Z":0.0},"Vector":{"X":0.0,"Y":0.0,"Z":0.0},"JointType":0,"OrientationMatrix":[1.0,0.0,0.0,0.0,1.0,0.0,0.0,0.0,1.0]},{"Location":{"X":-58.8785057,"Y":855.7778,"Z":3142.35132},"Vector":{"X":0.481671333,"Y":0.144799739,"Z":3142.35132},"JointType":1,"OrientationMatrix":[0.64598906,0.07688405,-0.7594649,-0.137616962,0.9903431,-0.0167979654,0.750839353,0.115366563,0.6503313]},{"Location":{"X":-101.87468,"Y":725.882263,"Z":3097.58472},"Vector":{"X":0.4678285,"Y":0.194360122,"Z":3097.58472},"JointType":2,"OrientationMatrix":[0.64598906,0.07688405,-0.7594649,-0.137616962,0.9903431,-0.0167979654,0.750839353,0.115366563,0.6503313]},{"Location":{"X":-158.963425,"Y":339.600952,"Z":3067.202},"Vector":{"X":0.4493029,"Y":0.355591238,"Z":3067.202},"JointType":3,"OrientationMatrix":[0.64598906,0.07688405,-0.7594649,-0.137616962,0.9903431,-0.0167979654,0.750839353,0.115366563,0.6503313]},{"Location":{"X":-171.035522,"Y":116.690231,"Z":3034.26343},"Vector":{"X":0.4448607,"Y":0.449841082,"Z":3034.26343},"JointType":4,"OrientationMatrix":[0.925328135,0.05993723,-0.37440002,-0.0970534459,0.991972446,-0.081063576,0.366535783,0.111347221,0.923717141]},{"Location":{"X":-115.458221,"Y":633.9715,"Z":3090.35547},"Vector":{"X":0.4634536,"Y":0.232435614,"Z":3090.35547},"JointType":5,"OrientationMatrix":[0.64598906,0.07688405,-0.7594649,-0.137616962,0.9903431,-0.0167979654,0.750839353,0.115366563,0.6503313]},{"Location":{"X":-63.2379,"Y":650.286133,"Z":3274.41382},"Vector":{"X":0.481108248,"Y":0.240977243,"Z":3274.41382},"JointType":6,"OrientationMatrix":[0.228996724,0.743638933,-0.628141463,-0.96465,0.259821832,-0.04407936,0.130425736,0.6160307,0.7768496]},{"Location":{"X":49.4857674,"Y":361.60907,"Z":3276.29858},"Vector":{"X":0.5147749,"Y":0.3560463,"Z":3276.29858},"JointType":7,"OrientationMatrix":[0.6465156,0.743638933,0.170348942,-0.04468768,0.259821832,-0.964622,-0.761590838,0.6160307,0.201210365]},{"Location":{"X":237.035477,"Y":297.468567,"Z":3075.09741},"Vector":{"X":0.575401962,"Y":0.373832017,"Z":3075.09741},"JointType":8,"OrientationMatrix":[0.6663774,0.743638933,0.054242827,-0.213283449,0.259821832,-0.9418083,-0.714458764,0.6160307,0.331745267]},{"Location":{"X":313.7174,"Y":271.243958,"Z":2992.834},"Vector":{"X":0.6025379,"Y":0.381792635,"Z":2992.834},"JointType":9,"OrientationMatrix":[0.6663774,0.743638933,0.054242827,-0.213283449,0.259821832,-0.9418083,-0.714458764,0.6160307,0.331745267]},{"Location":{"X":0.0,"Y":0.0,"Z":0.0},"Vector":{"X":0.0,"Y":0.0,"Z":0.0},"JointType":10,"OrientationMatrix":[1.0,0.0,0.0,0.0,1.0,0.0,0.0,0.0,1.0]},{"Location":{"X":-115.458221,"Y":633.9715,"Z":3090.35547},"Vector":{"X":0.4634536,"Y":0.232435614,"Z":3090.35547},"JointType":11,"OrientationMatrix":[0.64598906,0.07688405,-0.7594649,-0.137616962,0.9903431,-0.0167979654,0.750839353,0.115366563,0.6503313]},{"Location":{"X":-262.80542,"Y":642.195862,"Z":3022.92554},"Vector":{"X":0.414957672,"Y":0.2229188,"Z":3022.92554},"JointType":12,"OrientationMatrix":[0.7789477,-0.404928565,-0.478824973,0.611564,0.321682632,0.7228484,-0.138672277,-0.8558932,0.498213679]},{"Location":{"X":-510.876251,"Y":456.656921,"Z":3031.914},"Vector":{"X":0.335173458,"Y":0.303555369,"Z":3031.914},"JointType":13,"OrientationMatrix":[-0.003168788,-0.404928565,-0.9143428,0.9355697,0.321682632,-0.145703673,0.3531278,-0.8558932,0.377819538]},{"Location":{"X":-481.5366,"Y":198.5737,"Z":2920.99536},"Vector":{"X":0.33874,"Y":0.411333859,"Z":2920.99536},"JointType":14,"OrientationMatrix":[-0.100201748,-0.404928565,-0.9088413,0.914819241,0.321682632,-0.244184524,0.391235739,-0.8558932,0.338203251]},{"Location":{"X":-475.668671,"Y":146.957062,"Z":2898.81152},"Vector":{"X":0.339486033,"Y":0.4338793,"Z":2898.81152},"JointType":15,"OrientationMatrix":[-0.100201748,-0.404928565,-0.9088413,0.914819241,0.321682632,-0.244184524,0.391235739,-0.8558932,0.338203251]},{"Location":{"X":0.0,"Y":0.0,"Z":0.0},"Vector":{"X":0.0,"Y":0.0,"Z":0.0},"JointType":16,"OrientationMatrix":[1.0,0.0,0.0,0.0,1.0,0.0,0.0,0.0,1.0]},{"Location":{"X":-85.643364,"Y":49.15938,"Z":3082.81738},"Vector":{"X":0.472824723,"Y":0.4792018,"Z":3082.81738},"JointType":17,"OrientationMatrix":[-0.46086216,-0.321309,-0.827264547,-0.319823682,0.929654837,-0.18290624,0.8278399,0.180284217,-0.531205]},{"Location":{"X":71.4020844,"Y":-375.079742,"Z":2978.017},"Vector":{"X":0.5234537,"Y":0.664271951,"Z":2978.017},"JointType":18,"OrientationMatrix":[-0.46086216,-0.247985482,-0.852120459,-0.319823682,0.942058563,-0.101185463,0.8278399,0.225895748,-0.513470769]},{"Location":{"X":192.689743,"Y":-784.1976,"Z":2903.2124},"Vector":{"X":0.5649244,"Y":0.8523008,"Z":2903.2124},"JointType":19,"OrientationMatrix":[-0.46086216,-0.247985482,-0.852120459,-0.319823682,0.942058563,-0.101185463,0.8278399,0.225895748,-0.513470769]},{"Location":{"X":0.0,"Y":0.0,"Z":0.0},"Vector":{"X":0.0,"Y":0.0,"Z":0.0},"JointType":20,"OrientationMatrix":[1.0,0.0,0.0,0.0,1.0,0.0,0.0,0.0,1.0]},{"Location":{"X":-274.842529,"Y":61.61918,"Z":3010.04224},"Vector":{"X":0.410681874,"Y":0.47330004,"Z":3010.04224},"JointType":21,"OrientationMatrix":[0.684491754,0.0766517743,-0.7249797,-0.33162412,0.9183498,-0.216007218,0.6492276,0.388275921,0.654022455]},{"Location":{"X":-318.9039,"Y":-352.295044,"Z":2804.22949},"Vector":{"X":0.3887565,"Y":0.663855135,"Z":2804.22949},"JointType":22,"OrientationMatrix":[0.684491754,0.160495952,-0.7111344,-0.33162412,0.9372471,-0.107672513,0.6492276,0.309530258,0.69476223]},{"Location":{"X":-384.7236,"Y":-761.868835,"Z":2679.326},"Vector":{"X":0.359540373,"Y":0.870869935,"Z":2679.326},"JointType":23,"OrientationMatrix":[0.684491754,0.160495952,-0.7111344,-0.33162412,0.9372471,-0.107672513,0.6492276,0.309530258,0.69476223]},{"Location":{"X":0.0,"Y":0.0,"Z":0.0},"Vector":{"X":0.0,"Y":0.0,"Z":0.0},"JointType":24,"OrientationMatrix":[1.0,0.0,0.0,0.0,1.0,0.0,0.0,0.0,1.0]}]}},{"Ticks":"1543237375369","Skeleton":{"Joints":[{"Location":{"X":0.0,"Y":0.0,"Z":0.0},"Vector":{"X":0.0,"Y":0.0,"Z":0.0},"JointType":0,"OrientationMatrix":[1.0,0.0,0.0,0.0,1.0,0.0,0.0,0.0,1.0]},{"Location":{"X":-58.8922958,"Y":855.7343,"Z":3146.402},"Vector":{"X":0.481690645,"Y":0.145275056,"Z":3146.402},"JointType":1,"OrientationMatrix":[0.6518707,0.0796348751,-0.754137158,-0.145757854,0.9890856,-0.0215472374,0.7441903,0.123967424,0.656363368]},{"Location":{"X":-101.876259,"Y":725.881,"Z":3101.259},"Vector":{"X":0.467866123,"Y":0.1947228,"Z":3101.259},"JointType":2,"OrientationMatrix":[0.6518707,0.0796348751,-0.754137158,-0.145757854,0.9890856,-0.0215472374,0.7441903,0.123967424,0.656363368]},{"Location":{"X":-158.939148,"Y":339.743835,"Z":3067.58032},"Vector":{"X":0.4493169,"Y":0.3555483,"Z":3067.58032},"JointType":3,"OrientationMatrix":[0.6518707,0.0796348751,-0.754137158,-0.145757854,0.9890856,-0.0215472374,0.7441903,0.123967424,0.656363368]},{"Location":{"X":-171.024216,"Y":116.88266,"Z":3034.31323},"Vector":{"X":0.444865227,"Y":0.4497592,"Z":3034.31323},"JointType":4,"OrientationMatrix":[0.92513597,0.0605834275,-0.3747707,-0.0981555358,0.9917892,-0.08197341,0.3667273,0.112622373,0.9234865]},{"Location":{"X":-115.449371,"Y":634.0335,"Z":3093.248},"Vector":{"X":0.463490576,"Y":0.232659668,"Z":3093.248},"JointType":5,"OrientationMatrix":[0.6518707,0.0796348751,-0.754137158,-0.145757854,0.9890856,-0.0215472374,0.7441903,0.123967424,0.656363368]},{"Location":{"X":-62.7561378,"Y":651.846436,"Z":3278.303},"Vector":{"X":0.481274426,"Y":0.240663752,"Z":3278.303},"JointType":6,"OrientationMatrix":[0.0853343159,0.7858027,-0.612561941,-0.996350169,0.06859564,-0.05080338,0.002097643,0.614661455,0.788788259]},{"Location":{"X":14.313508,"Y":353.512177,"Z":3246.118},"Vector":{"X":0.50431335,"Y":0.357961178,"Z":3246.118},"JointType":7,"OrientationMatrix":[0.617809832,0.7858027,0.0287241247,-0.040903,0.06859564,-0.996805668,-0.785263,0.614661455,0.07452075]},{"Location":{"X":14.313508,"Y":71.07504,"Z":3246.118},"Vector":{"X":0.50431335,"Y":0.471442521,"Z":3246.118},"JointType":8,"OrientationMatrix":[0.6132623,0.7858027,-0.08014613,-0.215205684,0.06859564,-0.9741566,-0.7599973,0.614661455,0.211176336]},{"Location":{"X":14.313508,"Y":-44.4027863,"Z":3246.118},"Vector":{"X":0.50431335,"Y":0.517840743,"Z":3246.118},"JointType":9,"OrientationMatrix":[0.6132623,0.7858027,-0.08014613,-0.215205684,0.06859564,-0.9741566,-0.7599973,0.614661455,0.211176336]},{"Location":{"X":0.0,"Y":0.0,"Z":0.0},"Vector":{"X":0.0,"Y":0.0,"Z":0.0},"JointType":10,"OrientationMatrix":[1.0,0.0,0.0,0.0,1.0,0.0,0.0,0.0,1.0]},{"Location":{"X":-115.449371,"Y":634.0335,"Z":3093.248},"Vector":{"X":0.463490576,"Y":0.232659668,"Z":3093.248},"JointType":11,"OrientationMatrix":[0.6518707,0.0796348751,-0.754137158,-0.145757854,0.9890856,-0.0215472374,0.7441903,0.123967424,0.656363368]},{"Location":{"X":-264.0432,"Y":647.648,"Z":3024.20337},"Vector":{"X":0.41459322,"Y":0.220684484,"Z":3024.20337},"JointType":12,"OrientationMatrix":[0.777909756,-0.407368571,-0.47844258,0.6136466,0.32859996,0.717955351,-0.135256216,-0.8520991,0.505601466]},{"Location":{"X":-509.4935,"Y":458.7614,"Z":3031.61646},"Vector":{"X":0.335603446,"Y":0.3026307,"Z":3031.61646},"JointType":13,"OrientationMatrix":[-0.00183830084,-0.407368571,-0.913262,0.9327293,0.32859996,-0.1484524,0.3605727,-0.8520991,0.379360527]},{"Location":{"X":-482.801483,"Y":200.537933,"Z":2920.356},"Vector":{"X":0.338280976,"Y":0.410437167,"Z":2920.356},"JointType":14,"OrientationMatrix":[-0.0977905542,-0.407368571,-0.908013165,0.911967,0.32859996,-0.245638564,0.3984385,-0.8520991,0.3393727]},{"Location":{"X":-477.463074,"Y":148.893234,"Z":2898.10376},"Vector":{"X":0.33884114,"Y":0.4329918,"Z":2898.10376},"JointType":15,"OrientationMatrix":[-0.0977905542,-0.407368571,-0.908013165,0.911967,0.32859996,-0.245638564,0.3984385,-0.8520991,0.3393727]},{"Location":{"X":0.0,"Y":0.0,"Z":0.0},"Vector":{"X":0.0,"Y":0.0,"Z":0.0},"JointType":16,"OrientationMatrix":[1.0,0.0,0.0,0.0,1.0,0.0,0.0,0.0,1.0]},{"Location":{"X":-85.61878,"Y":49.36798,"Z":3082.81519},"Vector":{"X":0.4728325,"Y":0.479113549,"Z":3082.81519},"JointType":17,"OrientationMatrix":[-0.4659395,-0.333220273,-0.8196735,-0.335648745,0.923699856,-0.184711978,0.8186821,0.189057782,-0.5422332]},{"Location":{"X":71.3237457,"Y":-374.906555,"Z":2978.05615},"Vector":{"X":0.523427665,"Y":0.664194,"Z":2978.05615},"JointType":18,"OrientationMatrix":[-0.4659395,-0.260513,-0.845596433,-0.335648745,0.9362836,-0.103503339,0.8186821,0.2355971,-0.523692369]},{"Location":{"X":206.759155,"Y":-777.6759,"Z":2892.00586},"Vector":{"X":0.5699349,"Y":0.8507248,"Z":2892.00586},"JointType":19,"OrientationMatrix":[-0.4659395,-0.260513,-0.845596433,-0.335648745,0.9362836,-0.103503339,0.8186821,0.2355971,-0.523692369]},{"Location":{"X":0.0,"Y":0.0,"Z":0.0},"Vector":{"X":0.0,"Y":0.0,"Z":0.0},"JointType":20,"OrientationMatrix":[1.0,0.0,0.0,0.0,1.0,0.0,0.0,0.0,1.0]},{"Location":{"X":-274.860779,"Y":61.8836861,"Z":3010.05859},"Vector":{"X":0.41067642,"Y":0.4731856,"Z":3010.05859},"JointType":21,"OrientationMatrix":[0.684329033,0.07788195,-0.72500217,-0.3331345,0.917840362,-0.215848222,0.6486256,0.389234453,0.65405]},{"Location":{"X":-318.7627,"Y":-352.809967,"Z":2805.81348},"Vector":{"X":0.388868541,"Y":0.664002,"Z":2805.81348},"JointType":22,"OrientationMatrix":[0.684329033,0.1575336,-0.7119529,-0.3331345,0.936073363,-0.113084182,0.6486256,0.3145629,0.693062067]},{"Location":{"X":-384.651154,"Y":-760.97876,"Z":2675.32373},"Vector":{"X":0.3593567,"Y":0.8709909,"Z":2675.32373},"JointType":23,"OrientationMatrix":[0.684329033,0.1575336,-0.7119529,-0.3331345,0.936073363,-0.113084182,0.6486256,0.3145629,0.693062067]},{"Location":{"X":0.0,"Y":0.0,"Z":0.0},"Vector":{"X":0.0,"Y":0.0,"Z":0.0},"JointType":24,"OrientationMatrix":[1.0,0.0,0.0,0.0,1.0,0.0,0.0,0.0,1.0]}]}},{"Ticks":"1543237375416","Skeleton":{"Joints":[{"Location":{"X":0.0,"Y":0.0,"Z":0.0},"Vector":{"X":0.0,"Y":0.0,"Z":0.0},"JointType":0,"OrientationMatrix":[1.0,0.0,0.0,0.0,1.0,0.0,0.0,0.0,1.0]},{"Location":{"X":-59.0685,"Y":855.844849,"Z":3149.41626},"Vector":{"X":0.481653452,"Y":0.145568773,"Z":3149.41626},"JointType":1,"OrientationMatrix":[0.646258056,0.103898883,-0.7560129,-0.178271383,0.983831346,-0.0171827,0.7420039,0.145879924,0.654331148]},{"Location":{"X":-101.879814,"Y":725.881165,"Z":3103.95215},"Vector":{"X":0.4678929,"Y":0.19498758,"Z":3103.95215},"JointType":2,"OrientationMatrix":[0.646258056,0.103898883,-0.7560129,-0.178271383,0.983831346,-0.0171827,0.7420039,0.145879924,0.654331148]},{"Location":{"X":-164.840073,"Y":342.3688,"Z":3066.353},"Vector":{"X":0.44741416,"Y":0.354373962,"Z":3066.353},"JointType":3,"OrientationMatrix":[0.646258056,0.103898883,-0.7560129,-0.178271383,0.983831346,-0.0171827,0.7420039,0.145879924,0.654331148]},{"Location":{"X":-173.300308,"Y":119.207993,"Z":3033.9873},"Vector":{"X":0.444125473,"Y":0.448754162,"Z":3033.9873},"JointType":4,"OrientationMatrix":[0.931006134,0.0437152945,-0.362376332,-0.08151252,0.99263,-0.08967346,0.355785519,0.113024749,0.92770797]},{"Location":{"X":-116.906334,"Y":634.349548,"Z":3094.97852},"Vector":{"X":0.4630505,"Y":0.23267597,"Z":3094.97852},"JointType":5,"OrientationMatrix":[0.646258056,0.103898883,-0.7560129,-0.178271383,0.983831346,-0.0171827,0.7420039,0.145879924,0.654331148]},{"Location":{"X":-71.6589,"Y":652.2981,"Z":3281.90649},"Vector":{"X":0.478641421,"Y":0.240769,"Z":3281.90649},"JointType":6,"OrientationMatrix":[0.0605357029,0.7857875,-0.6155269,-0.9979716,0.0354757234,-0.0528596379,-0.0197001826,0.6174783,0.7863412]},{"Location":{"X":-71.6589,"Y":342.645874,"Z":3281.90649},"Vector":{"X":0.478641421,"Y":0.36382848,"Z":3281.90649},"JointType":7,"OrientationMatrix":[0.6184851,0.7857875,0.00375801837,-0.03900432,0.0354757234,-0.9986091,-0.7848279,0.6174783,0.0525903143]},{"Location":{"X":-71.6589,"Y":60.20874,"Z":3281.90649},"Vector":{"X":0.478641421,"Y":0.476072341,"Z":3281.90649},"JointType":8,"OrientationMatrix":[0.6095456,0.7857875,-0.104843266,-0.213652968,0.0354757234,-0.976265252,-0.763417661,0.6174783,0.1895099]},{"Location":{"X":-71.6589,"Y":-55.26909,"Z":3281.90649},"Vector":{"X":0.478641421,"Y":0.5219646,"Z":3281.90649},"JointType":9,"OrientationMatrix":[0.6095456,0.7857875,-0.104843266,-0.213652968,0.0354757234,-0.976265252,-0.763417661,0.6174783,0.1895099]},{"Location":{"X":0.0,"Y":0.0,"Z":0.0},"Vector":{"X":0.0,"Y":0.0,"Z":0.0},"JointType":10,"OrientationMatrix":[1.0,0.0,0.0,0.0,1.0,0.0,0.0,0.0,1.0]},{"Location":{"X":-116.906334,"Y":634.349548,"Z":3094.97852},"Vector":{"X":0.4630505,"Y":0.23267597,"Z":3094.97852},"JointType":11,"OrientationMatrix":[0.646258056,0.103898883,-0.7560129,-0.178271383,0.983831346,-0.0171827,0.7420039,0.145879924,0.654331148]},{"Location":{"X":-264.767548,"Y":654.8113,"Z":3023.876},"Vector":{"X":0.414349645,"Y":0.217564568,"Z":3023.876},"JointType":12,"OrientationMatrix":[0.7838616,-0.4032103,-0.472210258,0.609704733,0.35581702,0.7082756,-0.117563583,-0.8430989,0.524750531]},{"Location":{"X":-509.36792,"Y":465.08728,"Z":3031.62085},"Vector":{"X":0.335644215,"Y":0.299909443,"Z":3031.62085},"JointType":13,"OrientationMatrix":[0.0439367481,-0.4032103,-0.91405195,0.9277763,0.35581702,-0.112362996,0.3705412,-0.8430989,0.389722377]},{"Location":{"X":-496.813751,"Y":207.523651,"Z":2916.40747},"Vector":{"X":0.333362162,"Y":0.407191783,"Z":2916.40747},"JointType":14,"OrientationMatrix":[-0.04561102,-0.4032103,-0.913969934,0.912352145,0.35581702,-0.202503815,0.4068577,-0.8430989,0.3516406]},{"Location":{"X":-494.302917,"Y":156.010925,"Z":2893.36475},"Vector":{"X":0.3328839,"Y":0.429673523,"Z":2893.36475},"JointType":15,"OrientationMatrix":[-0.04561102,-0.4032103,-0.913969934,0.912352145,0.35581702,-0.202503815,0.4068577,-0.8430989,0.3516406]},{"Location":{"X":0.0,"Y":0.0,"Z":0.0},"Vector":{"X":0.0,"Y":0.0,"Z":0.0},"JointType":16,"OrientationMatrix":[1.0,0.0,0.0,0.0,1.0,0.0,0.0,0.0,1.0]},{"Location":{"X":-88.45119,"Y":52.0105247,"Z":3081.908},"Vector":{"X":0.4719255,"Y":0.477989078,"Z":3081.908},"JointType":17,"OrientationMatrix":[-0.432671875,-0.3058683,-0.84808,-0.2868176,0.938515544,-0.1921567,0.8547109,0.16010347,-0.493797719]},{"Location":{"X":69.59235,"Y":-370.250519,"Z":2979.49536},"Vector":{"X":0.52284795,"Y":0.6620764,"Z":2979.49536},"JointType":18,"OrientationMatrix":[-0.432671875,-0.230789334,-0.8715109,-0.2868176,0.9516918,-0.109628461,0.8547109,0.202531531,-0.477964729]},{"Location":{"X":171.505157,"Y":-788.2891,"Z":2922.562},"Vector":{"X":0.5574039,"Y":0.8517943,"Z":2922.562},"JointType":19,"OrientationMatrix":[-0.432671875,-0.230789334,-0.8715109,-0.2868176,0.9516918,-0.109628461,0.8547109,0.202531531,-0.477964729]},{"Location":{"X":0.0,"Y":0.0,"Z":0.0},"Vector":{"X":0.0,"Y":0.0,"Z":0.0},"JointType":20,"OrientationMatrix":[1.0,0.0,0.0,0.0,1.0,0.0,0.0,0.0,1.0]},{"Location":{"X":-275.193878,"Y":63.42379,"Z":3008.841},"Vector":{"X":0.410532,"Y":0.472507119,"Z":3008.841},"JointType":21,"OrientationMatrix":[0.6999513,0.07386552,-0.7103605,-0.326886535,0.9174719,-0.226694912,0.6349909,0.390882671,0.6663313]},{"Location":{"X":-318.343781,"Y":-349.212,"Z":2804.78149},"Vector":{"X":0.388973773,"Y":0.662389159,"Z":2804.78149},"JointType":22,"OrientationMatrix":[0.6999513,0.1571549,-0.6966854,-0.326886535,0.937809169,-0.116872475,0.6349909,0.30954212,0.7077926]},{"Location":{"X":-383.393829,"Y":-759.3543,"Z":2678.545},"Vector":{"X":0.359985054,"Y":0.8697537,"Z":2678.545},"JointType":23,"OrientationMatrix":[0.6999513,0.1571549,-0.6966854,-0.326886535,0.937809169,-0.116872475,0.6349909,0.30954212,0.7077926]},{"Location":{"X":0.0,"Y":0.0,"Z":0.0},"Vector":{"X":0.0,"Y":0.0,"Z":0.0},"JointType":24,"OrientationMatrix":[1.0,0.0,0.0,0.0,1.0,0.0,0.0,0.0,1.0]}]}},{"Ticks":"1543237375461","Skeleton":{"Joints":[{"Location":{"X":0.0,"Y":0.0,"Z":0.0},"Vector":{"X":0.0,"Y":0.0,"Z":0.0},"JointType":0,"OrientationMatrix":[1.0,0.0,0.0,0.0,1.0,0.0,0.0,0.0,1.0]},{"Location":{"X":-59.05079,"Y":855.9906,"Z":3149.92944},"Vector":{"X":0.481661946,"Y":0.145566165,"Z":3149.92944},"JointType":1,"OrientationMatrix":[0.645531654,0.107077673,-0.756189942,-0.1806254,0.983438551,-0.014936869,0.7420669,0.146229327,0.654181659]},{"Location":{"X":-101.880585,"Y":725.8812,"Z":3104.74023},"Vector":{"X":0.4679008,"Y":0.195064977,"Z":3104.74023},"JointType":2,"OrientationMatrix":[0.645531654,0.107077673,-0.756189942,-0.1806254,0.983438551,-0.014936869,0.7420669,0.146229327,0.654181659]},{"Location":{"X":-165.527222,"Y":342.757172,"Z":3066.33667},"Vector":{"X":0.447194666,"Y":0.354208,"Z":3066.33667},"JointType":3,"OrientationMatrix":[0.645531654,0.107077673,-0.756189942,-0.1806254,0.983438551,-0.014936869,0.7420669,0.146229327,0.654181659]},{"Location":{"X":-173.53508,"Y":119.562653,"Z":3034.08838},"Vector":{"X":0.444051653,"Y":0.448603421,"Z":3034.08838},"JointType":4,"OrientationMatrix":[0.9316418,0.040637996,-0.361098468,-0.078707844,0.992703557,-0.09134913,0.3547515,0.113525949,0.9280427]},{"Location":{"X":-117.078377,"Y":634.397339,"Z":3095.57},"Vector":{"X":0.463003218,"Y":0.232706919,"Z":3095.57},"JointType":5,"OrientationMatrix":[0.645531654,0.107077673,-0.756189942,-0.1806254,0.983438551,-0.014936869,0.7420669,0.146229327,0.654181659]},{"Location":{"X":-68.1674042,"Y":652.662537,"Z":3281.888},"Vector":{"X":0.479681969,"Y":0.240622714,"Z":3281.888},"JointType":6,"OrientationMatrix":[0.05728583,0.785781,-0.6158462,-0.998157,0.0327073447,-0.05111575,-0.0200230926,0.6176394,0.7862065]},{"Location":{"X":-68.1674042,"Y":343.064545,"Z":3281.888},"Vector":{"X":0.479681969,"Y":0.363661319,"Z":3281.888},"JointType":7,"OrientationMatrix":[0.618504643,0.785781,0.000492558233,-0.04075786,0.0327073447,-0.998633564,-0.7847234,0.6176394,0.0522563979]},{"Location":{"X":-68.1674042,"Y":60.62741,"Z":3281.888},"Vector":{"X":0.479681969,"Y":0.4759058,"Z":3281.888},"JointType":8,"OrientationMatrix":[0.608991742,0.785781,-0.108061478,-0.215383589,0.0327073447,-0.975981653,-0.763373435,0.6176394,0.189162835]},{"Location":{"X":-68.1674042,"Y":-54.8504181,"Z":3281.888},"Vector":{"X":0.479681969,"Y":0.5217983,"Z":3281.888},"JointType":9,"OrientationMatrix":[0.608991742,0.785781,-0.108061478,-0.215383589,0.0327073447,-0.975981653,-0.763373435,0.6176394,0.189162835]},{"Location":{"X":0.0,"Y":0.0,"Z":0.0},"Vector":{"X":0.0,"Y":0.0,"Z":0.0},"JointType":10,"OrientationMatrix":[1.0,0.0,0.0,0.0,1.0,0.0,0.0,0.0,1.0]},{"Location":{"X":-117.078377,"Y":634.397339,"Z":3095.57},"Vector":{"X":0.463003218,"Y":0.232706919,"Z":3095.57},"JointType":11,"OrientationMatrix":[0.645531654,0.107077673,-0.756189942,-0.1806254,0.983438551,-0.014936869,0.7420669,0.146229327,0.654181659]},{"Location":{"X":-264.180664,"Y":654.708069,"Z":3024.292},"Vector":{"X":0.414551258,"Y":0.217647925,"Z":3024.292},"JointType":12,"OrientationMatrix":[0.7925392,-0.39717266,-0.4627478,0.5984519,0.360709578,0.7153628,-0.117204972,-0.843885362,0.5235652]},{"Location":{"X":-512.681,"Y":470.201233,"Z":3031.755},"Vector":{"X":0.3345825,"Y":0.297718257,"Z":3031.755},"JointType":13,"OrientationMatrix":[0.0612083562,-0.39717266,-0.9157005,0.927885532,0.360709578,-0.09443004,0.367806971,-0.843885362,0.3906092]},{"Location":{"X":-503.21106,"Y":211.821243,"Z":2918.085},"Vector":{"X":0.331313431,"Y":0.4053243,"Z":2918.085},"JointType":14,"OrientationMatrix":[-0.02793903,-0.39717266,-0.9173185,0.914343059,0.360709578,-0.184025317,0.4039754,-0.843885362,0.3530742]},{"Location":{"X":-501.317078,"Y":160.145233,"Z":2895.351},"Vector":{"X":0.3306288,"Y":0.4278594,"Z":2895.351},"JointType":15,"OrientationMatrix":[-0.02793903,-0.39717266,-0.9173185,0.914343059,0.360709578,-0.184025317,0.4039754,-0.843885362,0.3530742]},{"Location":{"X":0.0,"Y":0.0,"Z":0.0},"Vector":{"X":0.0,"Y":0.0,"Z":0.0},"JointType":16,"OrientationMatrix":[1.0,0.0,0.0,0.0,1.0,0.0,0.0,0.0,1.0]},{"Location":{"X":-88.83729,"Y":52.0164528,"Z":3082.12183},"Vector":{"X":0.471804917,"Y":0.4779881,"Z":3082.12183},"JointType":17,"OrientationMatrix":[-0.430666238,-0.317338049,-0.8448806,-0.2881321,0.935499,-0.204503059,0.855281532,0.155364633,-0.494323134]},{"Location":{"X":68.92605,"Y":-369.6046,"Z":2980.04321},"Vector":{"X":0.522625,"Y":0.661763966,"Z":2980.04321},"JointType":18,"OrientationMatrix":[-0.430666238,-0.24249427,-0.8693234,-0.2881321,0.949762762,-0.122190744,0.855281532,0.197856531,-0.478901148]},{"Location":{"X":186.713364,"Y":-784.3169,"Z":2928.3623},"Vector":{"X":0.562370