[{"Ticks":"1543293649330","Skeleton":{"Joints":[{"Location":{"X":0.0,"Y":0.0,"Z":0.0},"Vector":{"X":0.0,"Y":0.0,"Z":0.0},"JointType":0,"OrientationMatrix":[1.0,0.0,0.0,0.0,1.0,0.0,0.0,0.0,1.0]},{"Location":{"X":-292.753052,"Y":-158.455032,"Z":2899.73486},"Vector":{"X":0.4012422,"Y":0.5712713,"Z":2899.73486},"JointType":1,"OrientationMatrix":[-0.404390872,0.710744,0.575596154,-0.5405997,0.321884662,-0.777265847,-0.7377126,-0.6254863,0.2540608]},{"Location":{"X":-335.6987,"Y":-216.2504,"Z":2853.5144},"Vector":{"X":0.384920537,"Y":0.598842561,"Z":2853.5144},"JointType":2,"OrientationMatrix":[-0.404390872,0.710744,0.575596154,-0.5405997,0.321884662,-0.777265847,-0.7377126,-0.6254863,0.2540608]},{"Location":{"X":0.0,"Y":0.0,"Z":0.0},"Vector":{"X":0.0,"Y":0.0,"Z":0.0},"JointType":3,"OrientationMatrix":[-0.404390872,0.710744,0.575596154,-0.5405997,0.321884662,-0.777265847,-0.7377126,-0.6254863,0.2540608]},{"Location":{"X":0.0,"Y":0.0,"Z":0.0},"Vector":{"X":0.0,"Y":0.0,"Z":0.0},"JointType":4,"OrientationMatrix":[1.0,0.0,0.0,0.0,1.0,0.0,0.0,0.0,1.0]},{"Location":{"X":-355.1102,"Y":-313.8461,"Z":2854.67651},"Vector":{"X":0.378315717,"Y":0.6433926,"Z":2854.67651},"JointType":5,"OrientationMatrix":[-0.404390872,0.710744,0.575596154,-0.5405997,0.321884662,-0.777265847,-0.7377126,-0.6254863,0.2540608]},{"Location":{"X":-389.115021,"Y":-313.802216,"Z":2994.525},"Vector":{"X":0.3728904,"Y":0.6366769,"Z":2994.525},"JointType":6,"OrientationMatrix":[-0.226008072,-0.818025649,0.5289181,0.879292846,-0.404996157,-0.250643671,0.41924274,0.4084264,0.810816467]},{"Location":{"X":-210.890167,"Y":-163.484879,"Z":2852.95215},"Vector":{"X":0.42769137,"Y":0.574739456,"Z":2852.95215},"JointType":7,"OrientationMatrix":[-0.475473881,-0.818025649,0.323664337,0.875714839,-0.404996157,0.262871981,-0.08395322,0.4084264,0.9089223]},{"Location":{"X":-411.657471,"Y":-268.322021,"Z":2749.46851},"Vector":{"X":0.3535412,"Y":0.6272842,"Z":2749.46851},"JointType":8,"OrientationMatrix":[-0.490059644,-0.818025649,0.301123828,0.862493932,-0.404996157,0.303450674,-0.126276433,0.4084264,0.904014468]},{"Location":{"X":-451.810944,"Y":-289.289459,"Z":2728.77173},"Vector":{"X":0.338036239,"Y":0.6382714,"Z":2728.77173},"JointType":9,"OrientationMatrix":[-0.490059644,-0.818025649,0.301123828,0.862493932,-0.404996157,0.303450674,-0.126276433,0.4084264,0.904014468]},{"Location":{"X":0.0,"Y":0.0,"Z":0.0},"Vector":{"X":0.0,"Y":0.0,"Z":0.0},"JointType":10,"OrientationMatrix":[1.0,0.0,0.0,0.0,1.0,0.0,0.0,0.0,1.0]},{"Location":{"X":-355.1102,"Y":-313.8461,"Z":2854.67651},"Vector":{"X":0.378315717,"Y":0.6433926,"Z":2854.67651},"JointType":11,"OrientationMatrix":[-0.404390872,0.710744,0.575596154,-0.5405997,0.321884662,-0.777265847,-0.7377126,-0.6254863,0.2540608]},{"Location":{"X":-447.327881,"Y":-285.026276,"Z":2730.7854},"Vector":{"X":0.339761555,"Y":0.636133254,"Z":2730.7854},"JointType":12,"OrientationMatrix":[-0.575596154,0.710744,-0.404390872,0.777265847,0.321884662,-0.5405997,-0.2540608,-0.6254863,-0.7377126]},{"Location":{"X":-447.327881,"Y":-557.793945,"Z":2730.7854},"Vector":{"X":0.339761555,"Y":0.766411662,"Z":2730.7854},"JointType":13,"OrientationMatrix":[-0.6086508,0.710744,-0.352685541,0.727191746,0.321884662,-0.606285751,-0.317389935,-0.6254863,-0.7127626]},{"Location":{"X":-447.327881,"Y":-806.8064,"Z":2730.7854},"Vector":{"X":0.339761555,"Y":0.885344148,"Z":2730.7854},"JointType":14,"OrientationMatrix":[-0.6086508,0.710744,-0.352685541,0.727191746,0.321884662,-0.606285751,-0.317389935,-0.6254863,-0.7127626]},{"Location":{"X":-447.327881,"Y":-908.618164,"Z":2730.7854},"Vector":{"X":0.339761555,"Y":0.933971167,"Z":2730.7854},"JointType":15,"OrientationMatrix":[-0.6086508,0.710744,-0.352685541,0.727191746,0.321884662,-0.606285751,-0.317389935,-0.6254863,-0.7127626]},{"Location":{"X":0.0,"Y":0.0,"Z":0.0},"Vector":{"X":0.0,"Y":0.0,"Z":0.0},"JointType":16,"OrientationMatrix":[1.0,0.0,0.0,0.0,1.0,0.0,0.0,0.0,1.0]},{"Location":{"X":0.0,"Y":0.0,"Z":0.0},"Vector":{"X":0.0,"Y":0.0,"Z":0.0},"JointType":17,"OrientationMatrix":[1.0,0.0,0.0,0.0,1.0,0.0,0.0,0.0,1.0]},{"Location":{"X":0.0,"Y":-407.604645,"Z":0.0},"Vector":{"X":0.0,"Y":0.0,"Z":0.0},"JointType":18,"OrientationMatrix":[1.0,0.0,0.0,0.0,0.9848077,0.173648179,0.0,-0.173648179,0.9848077]},{"Location":{"X":0.0,"Y":-791.0183,"Z":0.0},"Vector":{"X":0.0,"Y":0.0,"Z":0.0},"JointType":19,"OrientationMatrix":[1.0,0.0,0.0,0.0,0.9848077,0.173648179,0.0,-0.173648179,0.9848077]},{"Location":{"X":0.0,"Y":0.0,"Z":0.0},"Vector":{"X":0.0,"Y":0.0,"Z":0.0},"JointType":20,"OrientationMatrix":[1.0,0.0,0.0,0.0,1.0,0.0,0.0,0.0,1.0]},{"Location":{"X":0.0,"Y":0.0,"Z":0.0},"Vector":{"X":0.0,"Y":0.0,"Z":0.0},"JointType":21,"OrientationMatrix":[1.0,0.0,0.0,0.0,1.0,0.0,0.0,0.0,1.0]},{"Location":{"X":0.0,"Y":-407.604645,"Z":0.0},"Vector":{"X":0.0,"Y":0.0,"Z":0.0},"JointType":22,"OrientationMatrix":[1.0,0.0,0.0,0.0,0.9848077,0.173648179,0.0,-0.173648179,0.9848077]},{"Location":{"X":0.0,"Y":-791.0183,"Z":0.0},"Vector":{"X":0.0,"Y":0.0,"Z":0.0},"JointType":23,"OrientationMatrix":[1.0,0.0,0.0,0.0,0.9848077,0.173648179,0.0,-0.173648179,0.9848077]},{"Location":{"X":0.0,"Y":0.0,"Z":0.0},"Vector":{"X":0.0,"Y":0.0,"Z":0.0},"JointType":24,"OrientationMatrix":[1.0,0.0,0.0,0.0,1.0,0.0,0.0,0.0,1.0]}]}},{"Ticks":"1543293649374","Skeleton":{"Joints":[{"Location":{"X":0.0,"Y":0.0,"Z":0.0},"Vector":{"X":0.0,"Y":0.0,"Z":0.0},"JointType":0,"OrientationMatrix":[1.0,0.0,0.0,0.0,1.0,0.0,0.0,0.0,1.0]},{"Location":{"X":-296.909,"Y":-123.419151,"Z":2897.517},"Vector":{"X":0.399763554,"Y":0.555555046,"Z":2897.517},"JointType":1,"OrientationMatrix":[-0.8939866,0.2093995,-0.3961564,-0.0043843165,0.8799626,0.475022644,0.448072344,0.426400721,-0.7857567]},{"Location":{"X":-348.2342,"Y":-182.08374,"Z":2866.293},"Vector":{"X":0.3811555,"Y":0.5828548,"Z":2866.293},"JointType":2,"OrientationMatrix":[-0.8939866,0.2093995,-0.3961564,-0.0043843165,0.8799626,0.475022644,0.448072344,0.426400721,-0.7857567]},{"Location":{"X":0.0,"Y":0.0,"Z":0.0},"Vector":{"X":0.0,"Y":0.0,"Z":0.0},"JointType":3,"OrientationMatrix":[-0.8939866,0.2093995,-0.3961564,-0.0043843165,0.8799626,0.475022644,0.448072344,0.426400721,-0.7857567]},{"Location":{"X":0.0,"Y":0.0,"Z":0.0},"Vector":{"X":0.0,"Y":0.0,"Z":0.0},"JointType":4,"OrientationMatrix":[1.0,0.0,0.0,0.0,1.0,0.0,0.0,0.0,1.0]},{"Location":{"X":-376.4879,"Y":-249.283417,"Z":2882.42456},"Vector":{"X":0.372232229,"Y":0.6127983,"Z":2882.42456},"JointType":5,"OrientationMatrix":[-0.8939866,0.2093995,-0.3961564,-0.0043843165,0.8799626,0.475022644,0.448072344,0.426400721,-0.7857567]},{"Location":{"X":-411.393433,"Y":-280.770477,"Z":3004.405},"Vector":{"X":0.3660548,"Y":0.621887743,"Z":3004.405},"JointType":6,"OrientationMatrix":[0.374233246,-0.8029448,0.463927954,-0.9077824,-0.215012923,0.360139638,-0.189421743,-0.555921853,-0.80936414]},{"Location":{"X":-210.150452,"Y":-162.977737,"Z":2852.4707},"Vector":{"X":0.427932829,"Y":0.57452023,"Z":2852.4707},"JointType":7,"OrientationMatrix":[0.0273938626,-0.8029448,0.5954236,-0.9449974,-0.215012923,-0.2464739,0.3259287,-0.555921853,-0.7646707]},{"Location":{"X":-410.866669,"Y":-266.4665,"Z":2747.53979},"Vector":{"X":0.35371992,"Y":0.626492739,"Z":2747.53979},"JointType":8,"OrientationMatrix":[-0.00697530946,-0.8029448,0.5960126,-0.9292178,-0.215012923,-0.300539076,0.3694667,-0.555921853,-0.7446108]},{"Location":{"X":-451.009918,"Y":-287.164246,"Z":2726.55371},"Vector":{"X":0.3381919,"Y":0.6373673,"Z":2726.55371},"JointType":9,"OrientationMatrix":[-0.00697530946,-0.8029448,0.5960126,-0.9292178,-0.215012923,-0.300539076,0.3694667,-0.555921853,-0.7446108]},{"Location":{"X":0.0,"Y":0.0,"Z":0.0},"Vector":{"X":0.0,"Y":0.0,"Z":0.0},"JointType":10,"OrientationMatrix":[1.0,0.0,0.0,0.0,1.0,0.0,0.0,0.0,1.0]},{"Location":{"X":-376.4879,"Y":-249.283417,"Z":2882.42456},"Vector":{"X":0.372232229,"Y":0.6127983,"Z":2882.42456},"JointType":11,"OrientationMatrix":[-0.8939866,0.2093995,-0.3961564,-0.0043843165,0.8799626,0.475022644,0.448072344,0.426400721,-0.7857567]},{"Location":{"X":-461.366,"Y":-258.160431,"Z":2747.05933},"Vector":{"X":0.335712016,"Y":0.62257123,"Z":2747.05933},"JointType":12,"OrientationMatrix":[0.3961564,0.209399492,-0.8939866,-0.475022644,0.8799626,-0.00438431744,0.7857567,0.426400721,0.448072344]},{"Location":{"X":-461.366,"Y":-536.473145,"Z":2747.05933},"Vector":{"X":0.335712016,"Y":0.754710555,"Z":2747.05933},"JointType":13,"OrientationMatrix":[0.316732854,0.209399492,-0.925111949,-0.473597169,0.8799626,0.0370333157,0.821818769,0.426400721,0.3778841]},{"Location":{"X":-461.366,"Y":-785.486145,"Z":2747.05933},"Vector":{"X":0.335712016,"Y":0.872938752,"Z":2747.05933},"JointType":14,"OrientationMatrix":[0.316732854,0.209399492,-0.925111949,-0.473597169,0.8799626,0.0370333157,0.821818769,0.426400721,0.3778841]},{"Location":{"X":-461.366,"Y":-887.2981,"Z":2747.05933},"Vector":{"X":0.335712016,"Y":0.921277761,"Z":2747.05933},"JointType":15,"OrientationMatrix":[0.316732854,0.209399492,-0.925111949,-0.473597169,0.8799626,0.0370333157,0.821818769,0.426400721,0.3778841]},{"Location":{"X":0.0,"Y":0.0,"Z":0.0},"Vector":{"X":0.0,"Y":0.0,"Z":0.0},"JointType":16,"OrientationMatrix":[1.0,0.0,0.0,0.0,1.0,0.0,0.0,0.0,1.0]},{"Location":{"X":0.0,"Y":0.0,"Z":0.0},"Vector":{"X":0.0,"Y":0.0,"Z":0.0},"JointType":17,"OrientationMatrix":[1.0,0.0,0.0,0.0,1.0,0.0,0.0,0.0,1.0]},{"Location":{"X":0.0,"Y":-407.60553,"Z":0.0},"Vector":{"X":0.0,"Y":0.0,"Z":0.0},"JointType":18,"OrientationMatrix":[1.0,0.0,0.0,0.0,0.9848077,0.173648179,0.0,-0.173648179,0.9848077]},{"Location":{"X":0.0,"Y":-791.0201,"Z":0.0},"Vector":{"X":0.0,"Y":0.0,"Z":0.0},"JointType":19,"OrientationMatrix":[1.0,0.0,0.0,0.0,0.9848077,0.173648179,0.0,-0.173648179,0.9848077]},{"Location":{"X":0.0,"Y":0.0,"Z":0.0},"Vector":{"X":0.0,"Y":0.0,"Z":0.0},"JointType":20,"OrientationMatrix":[1.0,0.0,0.0,0.0,1.0,0.0,0.0,0.0,1.0]},{"Location":{"X":0.0,"Y":0.0,"Z":0.0},"Vector":{"X":0.0,"Y":0.0,"Z":0.0},"JointType":21,"OrientationMatrix":[1.0,0.0,0.0,0.0,1.0,0.0,0.0,0.0,1.0]},{"Location":{"X":0.0,"Y":-407.60553,"Z":0.0},"Vector":{"X":0.0,"Y":0.0,"Z":0.0},"JointType":22,"OrientationMatrix":[1.0,0.0,0.0,0.0,0.9848077,0.173648179,0.0,-0.173648179,0.9848077]},{"Location":{"X":0.0,"Y":-791.0201,"Z":0.0},"Vector":{"X":0.0,"Y":0.0,"Z":0.0},"JointType":23,"OrientationMatrix":[1.0,0.0,0.0,0.0,0.9848077,0.173648179,0.0,-0.173648179,0.9848077]},{"Location":{"X":0.0,"Y":0.0,"Z":0.0},"Vector":{"X":0.0,"Y":0.0,"Z":0.0},"JointType":24,"OrientationMatrix":[1.0,0.0,0.0,0.0,1.0,0.0,0.0,0.0,1.0]}]}},{"Ticks":"1543293649416","Skeleton":{"Joints":[]}},{"Ticks":"1543293649470","Skeleton":{"Joints":[]}},{"Ticks":"1543293649510","Skeleton":{"Joints":[]}},{"Ticks":"1543293649549","Skeleton":{"Joints":[]}},{"Ticks":"1543293649590","Skeleton":{"Joints":[]}},{"Ticks":"1543293649632","Skeleton":{"Joints":[]}},{"Ticks":"1543293649674","Skeleton":{"Joints":[]}},{"Ticks":"1543293649715","Skeleton":{"Joints":[]}},{"Ticks":"1543293649754","Skeleton":{"Joints":[]}},{"Ticks":"1543293649794","Skeleton":{"Joints":[]}},{"Ticks":"1543293649835","Skeleton":{"Joints":[]}},{"Ticks":"1543293649877","Skeleton":{"Joints":[]}},{"Ticks":"1543293649917","Skeleton":{"Joints":[]}},{"Ticks":"1543293649957","Skeleton":{"Joints":[]}},{"Ticks":"1543293649996","Skeleton":{"Joints":[]}},{"Ticks":"1543293650035","Skeleton":{"Joints":[]}},{"Ticks":"1543293650079","Skeleton":{"Joints":[]}},{"Ticks":"1543293650119","Skeleton":{"Joints":[]}},{"Ticks":"1543293650161","Skeleton":{"Joints":[{"Location":{"X":0.0,"Y":0.0,"Z":0.0},"Vector":{"X":0.0,"Y":0.0,"Z":0.0},"JointType":0,"OrientationMatrix":[1.0,0.0,0.0,0.0,1.0,0.0,0.0,0.0,1.0]},{"Location":{"X":-8.166448,"Y":754.5125,"Z":2867.035},"Vector":{"X":0.4972137,"Y":0.156757966,"Z":2867.035},"JointType":1,"OrientationMatrix":[0.9233601,-0.102744542,-0.369931966,0.249976158,0.8922022,0.376147836,0.291407,-0.4397941,0.8495076]},{"Location":{"X":1.763985,"Y":632.815552,"Z":2887.90112},"Vector":{"X":0.500597537,"Y":0.214200258,"Z":2887.90112},"JointType":2,"OrientationMatrix":[0.9233601,-0.102744542,-0.369931966,0.249976158,0.8922022,0.376147836,0.291407,-0.4397941,0.8495076]},{"Location":{"X":6.530954,"Y":310.668457,"Z":3008.27515},"Vector":{"X":0.5021237,"Y":0.3653065,"Z":3008.27515},"JointType":3,"OrientationMatrix":[0.9233601,-0.102744542,-0.369931966,0.249976158,0.8922022,0.376147836,0.291407,-0.4397941,0.8495076]},{"Location":{"X":5.96239471,"Y":101.607849,"Z":2999.845},"Vector":{"X":0.501944244,"Y":0.455823064,"Z":2999.845},"JointType":4,"OrientationMatrix":[0.9929661,-0.04090693,0.111107938,0.0409544036,0.9991593,0.00185589842,-0.111090451,0.00270751514,0.9938066]},{"Location":{"X":2.96160126,"Y":551.881836,"Z":2918.143},"Vector":{"X":0.5009928,"Y":0.253335565,"Z":2918.143},"JointType":5,"OrientationMatrix":[0.9233601,-0.102744542,-0.369931966,0.249976158,0.8922022,0.376147836,0.291407,-0.4397941,0.8495076]},{"Location":{"X":166.430084,"Y":539.6248,"Z":2937.44556},"Vector":{"X":0.555423,"Y":0.260398746,"Z":2937.44556},"JointType":6,"OrientationMatrix":[0.8369377,0.3768377,-0.396898746,-0.2794537,0.91778,0.282109141,0.4705751,-0.125192955,0.873433352]},{"Location":{"X":374.732666,"Y":342.54837,"Z":2929.56421},"Vector":{"X":0.625125766,"Y":0.347494334,"Z":2929.56421},"JointType":7,"OrientationMatrix":[0.6750078,0.3768377,0.634316742,-0.364648759,0.91778,-0.157197982,-0.64140135,-0.125192955,0.756922066]},{"Location":{"X":432.0203,"Y":490.6916,"Z":2721.34888},"Vector":{"X":0.6552917,"Y":0.264824867,"Z":2721.34888},"JointType":8,"OrientationMatrix":[0.6052463,0.3768377,0.701192,-0.346286148,0.91778,-0.194334328,-0.7167725,-0.125192955,0.6859766]},{"Location":{"X":443.4778,"Y":520.320251,"Z":2679.70581},"Vector":{"X":0.6618874,"Y":0.246749327,"Z":2679.70581},"JointType":9,"OrientationMatrix":[0.6052463,0.3768377,0.701192,-0.346286148,0.91778,-0.194334328,-0.7167725,-0.125192955,0.6859766]},{"Location":{"X":0.0,"Y":0.0,"Z":0.0},"Vector":{"X":0.0,"Y":0.0,"Z":0.0},"JointType":10,"OrientationMatrix":[1.0,0.0,0.0,0.0,1.0,0.0,0.0,0.0,1.0]},{"Location":{"X":2.96160126,"Y":551.881836,"Z":2918.143},"Vector":{"X":0.5009928,"Y":0.253335565,"Z":2918.143},"JointType":11,"OrientationMatrix":[0.9233601,-0.102744542,-0.369931966,0.249976158,0.8922022,0.376147836,0.291407,-0.4397941,0.8495076]},{"Location":{"X":-159.839523,"Y":531.3729,"Z":2930.887},"Vector":{"X":0.4466526,"Y":0.263534725,"Z":2930.887},"JointType":12,"OrientationMatrix":[0.8051399,0.08239454,0.587333739,-0.209650859,0.9659061,0.151894689,-0.554793954,-0.2454315,0.794963539]},{"Location":{"X":-368.909424,"Y":343.417328,"Z":2987.92773},"Vector":{"X":0.379224747,"Y":0.350093961,"Z":2987.92773},"JointType":13,"OrientationMatrix":[0.996576846,0.08239454,-0.006759024,-0.07818486,0.9659061,0.246804789,0.02686395,-0.2454315,0.969041646]},{"Location":{"X":-506.816772,"Y":515.3345,"Z":2846.478},"Vector":{"X":0.325830758,"Y":0.263871521,"Z":2846.478},"JointType":14,"OrientationMatrix":[0.9949652,0.08239454,-0.057055708,-0.06562696,0.9659061,0.250436783,0.0757450759,-0.2454315,0.9664502]},{"Location":{"X":-534.398254,"Y":549.7179,"Z":2818.188},"Vector":{"X":0.3145088,"Y":0.245588377,"Z":2818.188},"JointType":15,"OrientationMatrix":[0.9949652,0.08239454,-0.057055708,-0.06562696,0.9659061,0.250436783,0.0757450759,-0.2454315,0.9664502]},{"Location":{"X":0.0,"Y":0.0,"Z":0.0},"Vector":{"X":0.0,"Y":0.0,"Z":0.0},"JointType":16,"OrientationMatrix":[1.0,0.0,0.0,0.0,1.0,0.0,0.0,0.0,1.0]},{"Location":{"X":114.828461,"Y":67.91762,"Z":3012.82251},"Vector":{"X":0.5372824,"Y":0.470598072,"Z":3012.82251},"JointType":17,"OrientationMatrix":[0.949128032,-0.205620691,0.2384871,0.290438533,0.864261568,-0.4107279,-0.121661082,0.4590992,0.8800151]},{"Location":{"X":306.326,"Y":-192.909592,"Z":2731.654},"Vector":{"X":0.6096949,"Y":0.592107534,"Z":2731.654},"JointType":18,"OrientationMatrix":[0.949128032,-0.225623757,0.219658554,0.290438533,0.89677006,-0.333839566,-0.121661082,0.380653828,0.916679442]},{"Location":{"X":370.852325,"Y":-589.9142,"Z":2703.06958},"Vector":{"X":0.634206057,"Y":0.7846418,"Z":2703.06958},"JointType":19,"OrientationMatrix":[0.949128032,-0.225623757,0.219658554,0.290438533,0.89677006,-0.333839566,-0.121661082,0.380653828,0.916679442]},{"Location":{"X":0.0,"Y":0.0,"Z":0.0},"Vector":{"X":0.0,"Y":0.0,"Z":0.0},"JointType":20,"OrientationMatrix":[1.0,0.0,0.0,0.0,1.0,0.0,0.0,0.0,1.0]},{"Location":{"X":-101.214043,"Y":67.5149841,"Z":3022.08545},"Vector":{"X":0.4672386,"Y":0.470861942,"Z":3022.08545},"JointType":21,"OrientationMatrix":[0.8769106,0.307723045,0.3692347,-0.3358142,0.941844,0.01259889,-0.343884528,-0.135042369,0.9292508]},{"Location":{"X":-101.214043,"Y":-361.154846,"Z":3022.08545},"Vector":{"X":0.4672386,"Y":0.6558668,"Z":3022.08545},"JointType":22,"OrientationMatrix":[0.8769106,0.2391503,0.416935116,-0.3358142,0.925439835,0.175470561,-0.343884528,-0.293884724,0.8918381]},{"Location":{"X":-101.214043,"Y":-764.383545,"Z":3022.08545},"Vector":{"X":0.4672386,"Y":0.82989186,"Z":3022.08545},"JointType":23,"OrientationMatrix":[0.8769106,0.2391503,0.416935116,-0.3358142,0.925439835,0.175470561,-0.343884528,-0.293884724,0.8918381]},{"Location":{"X":0.0,"Y":0.0,"Z":0.0},"Vector":{"X":0.0,"Y":0.0,"Z":0.0},"JointType":24,"OrientationMatrix":[1.0,0.0,0.0,0.0,1.0,0.0,0.0,0.0,1.0]}]}},{"Ticks":"1543293650203","Skeleton":{"Joints":[{"Location":{"X":0.0,"Y":0.0,"Z":0.0},"Vector":{"X":0.0,"Y":0.0,"Z":0.0},"JointType":0,"OrientationMatrix":[1.0,0.0,0.0,0.0,1.0,0.0,0.0,0.0,1.0]},{"Location":{"X":-8.202802,"Y":743.8087,"Z":2860.7207},"Vector":{"X":0.4971951,"Y":0.160880461,"Z":2860.7207},"JointType":1,"OrientationMatrix":[0.9878854,-0.0161244962,-0.154345036,0.06872002,0.9372087,0.34193185,0.13914004,-0.3483961,0.9269629]},{"Location":{"X":-0.252633482,"Y":622.4833,"Z":2889.15649},"Vector":{"X":0.499914467,"Y":0.2189888,"Z":2889.15649},"JointType":2,"OrientationMatrix":[0.9878854,-0.0161244962,-0.154345036,0.06872002,0.9372087,0.34193185,0.13914004,-0.3483961,0.9269629]},{"Location":{"X":3.5413003,"Y":300.579773,"Z":3013.7417},"Vector":{"X":0.5011494,"Y":0.369916946,"Z":3013.7417},"JointType":3,"OrientationMatrix":[0.9878854,-0.0161244962,-0.154345036,0.06872002,0.9372087,0.34193185,0.13914004,-0.3483961,0.9269629]},{"Location":{"X":4.58471,"Y":91.55998,"Z":3004.39429},"Vector":{"X":0.501492739,"Y":0.460251957,"Z":3004.39429},"JointType":4,"OrientationMatrix":[0.998561442,-0.0282561015,0.0455696,0.0296153259,0.9991279,-0.0294332579,-0.04469819,0.0307404753,0.998527467]},{"Location":{"X":0.6970538,"Y":541.9053,"Z":2920.34229},"Vector":{"X":0.500233531,"Y":0.257977,"Z":2920.34229},"JointType":5,"OrientationMatrix":[0.9878854,-0.0161244962,-0.154345036,0.06872002,0.9372087,0.34193185,0.13914004,-0.3483961,0.9269629]},{"Location":{"X":165.358765,"Y":530.3079,"Z":2938.69727},"Vector":{"X":0.555042863,"Y":0.264635861,"Z":2938.69727},"JointType":6,"OrientationMatrix":[0.7669468,0.491204828,-0.4129291,-0.641385853,0.6072437,-0.4689129,0.0204163175,0.6244781,0.7807754]},{"Location":{"X":376.988037,"Y":339.367523,"Z":2916.67651},"Vector":{"X":0.6264351,"Y":0.348242879,"Z":2916.67651},"JointType":7,"OrientationMatrix":[0.32583642,0.491204828,0.8078047,0.5367813,0.6072437,-0.585765243,-0.778265059,0.6244781,-0.06580745]},{"Location":{"X":453.792755,"Y":516.367859,"Z":2739.60645},"Vector":{"X":0.6620308,"Y":0.2541682,"Z":2739.60645},"JointType":8,"OrientationMatrix":[0.207870811,0.491204828,0.8458768,0.6144941,0.6072437,-0.503638864,-0.7610432,0.6244781,-0.175614223]},{"Location":{"X":469.1537,"Y":551.767944,"Z":2704.19238},"Vector":{"X":0.6697093,"Y":0.233874857,"Z":2704.19238},"JointType":9,"OrientationMatrix":[0.207870811,0.491204828,0.8458768,0.6144941,0.6072437,-0.503638864,-0.7610432,0.6244781,-0.175614223]},{"Location":{"X":0.0,"Y":0.0,"Z":0.0},"Vector":{"X":0.0,"Y":0.0,"Z":0.0},"JointType":10,"OrientationMatrix":[1.0,0.0,0.0,0.0,1.0,0.0,0.0,0.0,1.0]},{"Location":{"X":0.6970538,"Y":541.9053,"Z":2920.34229},"Vector":{"X":0.500233531,"Y":0.257977,"Z":2920.34229},"JointType":11,"OrientationMatrix":[0.9878854,-0.0161244962,-0.154345036,0.06872002,0.9372087,0.34193185,0.13914004,-0.3483961,0.9269629]},{"Location":{"X":-165.326157,"Y":522.570862,"Z":2923.00879},"Vector":{"X":0.444672674,"Y":0.266824931,"Z":2923.00879},"JointType":12,"OrientationMatrix":[0.651359,-0.1295339,0.7476312,0.579753935,0.7206243,-0.380244553,-0.489506662,0.681117833,0.544482946]},{"Location":{"X":-374.80896,"Y":338.6733,"Z":2986.481},"Vector":{"X":0.3772339,"Y":0.35209316,"Z":2986.481},"JointType":13,"OrientationMatrix":[0.55637753,-0.1295339,-0.820771,-0.515760541,0.7206243,-0.4633483,0.6514869,0.681117833,0.334130734]},{"Location":{"X":-505.870056,"Y":512.252563,"Z":2840.62085},"Vector":{"X":0.325797647,"Y":0.264799684,"Z":2840.62085},"JointType":14,"OrientationMatrix":[0.41667226,-0.1295339,-0.899780631,-0.583757162,0.7206243,-0.374069721,0.6968585,0.681117833,0.22464785]},{"Location":{"X":-532.0823,"Y":546.9684,"Z":2811.44873},"Vector":{"X":0.31486994,"Y":0.246254072,"Z":2811.44873},"JointType":15,"OrientationMatrix":[0.41667226,-0.1295339,-0.899780631,-0.583757162,0.7206243,-0.374069721,0.6968585,0.681117833,0.22464785]},{"Location":{"X":0.0,"Y":0.0,"Z":0.0},"Vector":{"X":0.0,"Y":0.0,"Z":0.0},"JointType":16,"OrientationMatrix":[1.0,0.0,0.0,0.0,1.0,0.0,0.0,0.0,1.0]},{"Location":{"X":114.094475,"Y":56.61271,"Z":3019.123},"Vector":{"X":0.5369668,"Y":0.475543171,"Z":3019.123},"JointType":17,"OrientationMatrix":[0.9096827,-0.3902122,0.142168492,0.413090318,0.8148674,-0.406629473,0.04282331,0.4286322,0.9024636]},{"Location":{"X":311.837769,"Y":-201.103882,"Z":2739.41333},"Vector":{"X":0.6113523,"Y":0.595748,"Z":2739.41333},"JointType":18,"OrientationMatrix":[0.9096827,-0.401118129,0.107618265,0.413090318,0.847206652,-0.334061742,0.04282331,0.348346233,0.936387241]},{"Location":{"X":425.108032,"Y":-588.079651,"Z":2735.808},"Vector":{"X":0.6519994,"Y":0.780361,"Z":2735.808},"JointType":19,"OrientationMatrix":[0.9096827,-0.401118129,0.107618265,0.413090318,0.847206652,-0.334061742,0.04282331,0.348346233,0.936387241]},{"Location":{"X":0.0,"Y":0.0,"Z":0.0},"Vector":{"X":0.0,"Y":0.0,"Z":0.0},"JointType":20,"OrientationMatrix":[1.0,0.0,0.0,0.0,1.0,0.0,0.0,0.0,1.0]},{"Location":{"X":-104.5803,"Y":55.0021324,"Z":3017.415},"Vector":{"X":0.46609658,"Y":0.4762255,"Z":3017.415},"JointType":21,"OrientationMatrix":[0.893262565,0.327914059,0.307496876,-0.338289022,0.940817356,-0.0205735117,-0.296044737,-0.0856452659,0.951326668]},{"Location":{"X":-104.5803,"Y":-373.667725,"Z":3017.415},"Vector":{"X":0.46609658,"Y":0.6615168,"Z":3017.415},"JointType":22,"OrientationMatrix":[0.893262565,0.269725084,0.35962525,-0.338289022,0.930171847,0.142621353,-0.296044737,-0.2490556,0.9221328]},{"Location":{"X":-104.5803,"Y":-776.8964,"Z":3017.415},"Vector":{"X":0.46609658,"Y":0.8358111,"Z":3017.415},"JointType":23,"OrientationMatrix":[0.893262565,0.269725084,0.35962525,-0.338289022,0.930171847,0.142621353,-0.296044737,-0.2490556,0.9221328]},{"Location":{"X":0.0,"Y":0.0,"Z":0.0},"Vector":{"X":0.0,"Y":0.0,"Z":0.0},"JointType":24,"OrientationMatrix":[1.0,0.0,0.0,0.0,1.0,0.0,0.0,0.0,1.0]}]}},{"Ticks":"1543293650244","Skeleton":{"Joints":[{"Location":{"X":0.0,"Y":0.0,"Z":0.0},"Vector":{"X":0.0,"Y":0.0,"Z":0.0},"JointType":0,"OrientationMatrix":[1.0,0.0,0.0,0.0,1.0,0.0,0.0,0.0,1.0]},{"Location":{"X":-7.387261,"Y":731.0569,"Z":2857.07617},"Vector":{"X":0.497470766,"Y":0.166269138,"Z":2857.07617},"JointType":1,"OrientationMatrix":[0.9944406,-0.0124184191,-0.10456413,0.04760438,0.938769162,0.341242254,0.0939239,-0.34432286,0.934141338]},{"Location":{"X":-1.54358244,"Y":608.537231,"Z":2890.92578},"Vector":{"X":0.4994777,"Y":0.225452676,"Z":2890.92578},"JointType":2,"OrientationMatrix":[0.9944406,-0.0124184191,-0.10456413,0.04760438,0.938769162,0.341242254,0.0939239,-0.34432286,0.934141338]},{"Location":{"X":2.43875551,"Y":284.6356,"Z":3016.11816},"Vector":{"X":0.500790954,"Y":0.3769142,"Z":3016.11816},"JointType":3,"OrientationMatrix":[0.9944406,-0.0124184191,-0.10456413,0.04760438,0.938769162,0.341242254,0.0939239,-0.34432286,0.934141338]},{"Location":{"X":4.60178566,"Y":75.64816,"Z":3006.253},"Vector":{"X":0.5014974,"Y":0.4671799,"Z":3006.253},"JointType":4,"OrientationMatrix":[0.99914,-0.0144518688,0.03886265,0.0152732665,0.9996644,-0.0209227223,-0.0385472365,0.021498289,0.999025464]},{"Location":{"X":-0.552718043,"Y":527.94574,"Z":2922.07544},"Vector":{"X":0.499815,"Y":0.2643514,"Z":2922.07544},"JointType":5,"OrientationMatrix":[0.9944406,-0.0124184191,-0.10456413,0.04760438,0.938769162,0.341242254,0.0939239,-0.34432286,0.934141338]},{"Location":{"X":171.804764,"Y":520.7314,"Z":2919.33},"Vector":{"X":0.5575679,"Y":0.267352939,"Z":2919.33},"JointType":6,"OrientationMatrix":[0.737626731,0.521746457,-0.428587765,-0.6734685,0.5229656,-0.5224435,-0.0484463573,0.6740086,0.7371332]},{"Location":{"X":385.367981,"Y":336.496277,"Z":2922.39136},"Vector":{"X":0.6289928,"Y":0.3498211,"Z":2922.39136},"JointType":7,"OrientationMatrix":[0.30109176,0.521746457,0.7982007,0.626342058,0.5229656,-0.5781026,-0.7190545,0.6740086,-0.169331118]},{"Location":{"X":457.276947,"Y":514.986755,"Z":2744.76221},"Vector":{"X":0.6629682,"Y":0.255286276,"Z":2744.76221},"JointType":8,"OrientationMatrix":[0.183918536,0.521746457,0.8330394,0.7025366,0.5229656,-0.4826482,-0.6874709,0.6740086,-0.2703629]},{"Location":{"X":471.658752,"Y":550.6849,"Z":2709.23633},"Vector":{"X":0.6702979,"Y":0.234891728,"Z":2709.23633},"JointType":9,"OrientationMatrix":[0.183918536,0.521746457,0.8330394,0.7025366,0.5229656,-0.4826482,-0.6874709,0.6740086,-0.2703629]},{"Location":{"X":0.0,"Y":0.0,"Z":0.0},"Vector":{"X":0.0,"Y":0.0,"Z":0.0},"JointType":10,"OrientationMatrix":[1.0,0.0,0.0,0.0,1.0,0.0,0.0,0.0,1.0]},{"Location":{"X":-0.552718043,"Y":527.94574,"Z":2922.07544},"Vector":{"X":0.499815,"Y":0.2643514,"Z":2922.07544},"JointType":11,"OrientationMatrix":[0.9944406,-0.0124184191,-0.10456413,0.04760438,0.938769162,0.341242254,0.0939239,-0.34432286,0.934141338]},{"Location":{"X":-171.203934,"Y":516.218567,"Z":2926.40747},"Vector":{"X":0.4427722,"Y":0.2699269,"Z":2926.40747},"JointType":12,"OrientationMatrix":[0.699655,-0.1748805,0.6927479,0.6108164,0.649401844,-0.4529686,-0.3706564,0.740063548,0.561177135]},{"Location":{"X":-372.414581,"Y":327.949646,"Z":2986.65942},"Vector":{"X":0.378025442,"Y":0.356785,"Z":2986.65942},"JointType":13,"OrientationMatrix":[0.5183671,-0.1748805,-0.8370856,-0.57831347,0.649401844,-0.493792236,0.6299596,0.740063548,0.235492811]},{"Location":{"X":-507.045319,"Y":505.1335,"Z":2848.59277},"Vector":{"X":0.3258816,"Y":0.268717468,"Z":2848.59277},"JointType":14,"OrientationMatrix":[0.387246817,-0.1748805,-0.9052385,-0.6457029,0.649401844,-0.4016777,0.6581091,0.740063548,0.138557956]},{"Location":{"X":-533.971436,"Y":540.5703,"Z":2820.97949},"Vector":{"X":0.314840347,"Y":0.2500695,"Z":2820.97949},"JointType":15,"OrientationMatrix":[0.387246817,-0.1748805,-0.9052385,-0.6457029,0.649401844,-0.4016777,0.6581091,0.740063548,0.138557956]},{"Location":{"X":0.0,"Y":0.0,"Z":0.0},"Vector":{"X":0.0,"Y":0.0,"Z":0.0},"JointType":16,"OrientationMatrix":[1.0,0.0,0.0,0.0,1.0,0.0,0.0,0.0,1.0]},{"Location":{"X":115.722549,"Y":52.5630074,"Z":3019.05127},"Vector":{"X":0.537495255,"Y":0.47729212,"Z":3019.05127},"JointType":17,"OrientationMatrix":[0.887959838,-0.379763484,0.259436041,0.4586589,0.6894276,-0.5606439,0.0340497,0.6168219,0.7863659]},{"Location":{"X":312.152252,"Y":-202.802582,"Z":2736.27637},"Vector":{"X":0.6115924,"Y":0.596667469,"Z":2736.27637},"JointType":18,"OrientationMatrix":[0.887959838,-0.44220072,0.126435339,0.4586589,0.831052244,-0.314617485,0.0340497,0.3373584,0.9407603]},{"Location":{"X":449.778931,"Y":-559.9597,"Z":2609.42578},"Vector":{"X":0.6686097,"Y":0.7798845,"Z":2609.42578},"JointType":19,"OrientationMatrix":[0.887959838,-0.44220072,0.126435339,0.4586589,0.831052244,-0.314617485,0.0340497,0.3373584,0.9407603]},{"Location":{"X":0.0,"Y":0.0,"Z":0.0},"Vector":{"X":0.0,"Y":0.0,"Z":0.0},"JointType":20,"OrientationMatrix":[1.0,0.0,0.0,0.0,1.0,0.0,0.0,0.0,1.0]},{"Location":{"X":-106.352226,"Y":52.02304,"Z":3021.178},"Vector":{"X":0.465565115,"Y":0.477541178,"Z":3021.178},"JointType":21,"OrientationMatrix":[0.920283735,0.251594454,0.299629956,-0.266381681,0.963826954,0.008854975,-0.286563575,-0.08796503,0.9540144]},{"Location":{"X":-106.352226,"Y":-376.64682,"Z":3021.178},"Vector":{"X":0.465565115,"Y":0.66260165,"Z":3021.178},"JointType":22,"OrientationMatrix":[0.920283735,0.19592,0.3386639,-0.266381681,0.947739,0.1755891,-0.286563575,-0.251805663,0.9243783]},{"Location":{"X":-106.352226,"Y":-779.875549,"Z":3021.178},"Vector":{"X":0.465565115,"Y":0.836679041,"Z":3021.178},"JointType":23,"OrientationMatrix":[0.920283735,0.19592,0.3386639,-0.266381681,0.947739,0.1755891,-0.286563575,-0.251805663,0.9243783]},{"Location":{"X":0.0,"Y":0.0,"Z":0.0},"Vector":{"X":0.0,"Y":0.0,"Z":0.0},"JointType":24,"OrientationMatrix":[1.0,0.0,0.0,0.0,1.0,0.0,0.0,0.0,1.0]}]}},{"Ticks":"1543293650293","Skeleton":{"Joints":[{"Location":{"X":0.0,"Y":0.0,"Z":0.0},"Vector":{"X":0.0,"Y":0.0,"Z":0.0},"JointType":0,"OrientationMatrix":[1.0,0.0,0.0,0.0,1.0,0.0,0.0,0.0,1.0]},{"Location":{"X":-6.82601547,"Y":727.3209,"Z":2855.60059},"Vector":{"X":0.49766174,"Y":0.167803064,"Z":2855.60059},"JointType":1,"OrientationMatrix":[0.996312261,-0.010655825,-0.08513739,0.0394349732,0.938115835,0.344069153,0.07620239,-0.3461577,0.9350765]},{"Location":{"X":-1.56847358,"Y":604.6024,"Z":2889.715},"Vector":{"X":0.499469042,"Y":0.227113619,"Z":2889.715},"JointType":2,"OrientationMatrix":[0.996312261,-0.010655825,-0.08513739,0.0394349732,0.938115835,0.344069153,0.07620239,-0.3461577,0.9350765]},{"Location":{"X":2.38128448,"Y":279.21106,"Z":3012.59717},"Vector":{"X":0.5007732,"Y":0.37911886,"Z":3012.59717},"JointType":3,"OrientationMatrix":[0.996312261,-0.010655825,-0.08513739,0.0394349732,0.938115835,0.344069153,0.07620239,-0.3461577,0.9350765]},{"Location":{"X":4.799742,"Y":70.08482,"Z":3006.42456},"Vector":{"X":0.5015617,"Y":0.4695953,"Z":3006.42456},"JointType":4,"OrientationMatrix":[0.99954313,-0.0299325436,-0.00419672672,0.02989562,0.999516,-0.008601148,0.00445215,0.008471754,0.9999542]},{"Location":{"X":-0.5873166,"Y":523.772156,"Z":2920.24023},"Vector":{"X":0.499803245,"Y":0.266067356,"Z":2920.24023},"JointType":5,"OrientationMatrix":[0.996312261,-0.010655825,-0.08513739,0.0394349732,0.938115835,0.344069153,0.07620239,-0.3461577,0.9350765]},{"Location":{"X":171.0538,"Y":515.1123,"Z":2915.69775},"Vector":{"X":0.55738765,"Y":0.269576669,"Z":2915.69775},"JointType":6,"OrientationMatrix":[0.731976867,0.506949246,-0.455205828,-0.6800492,0.5026712,-0.5337179,-0.0417490266,0.7002315,0.7126941]},{"Location":{"X":387.188843,"Y":332.475677,"Z":2921.442},"Vector":{"X":0.629644454,"Y":0.351567268,"Z":2921.442},"JointType":7,"OrientationMatrix":[0.310259879,0.506949246,0.804202259,0.65149796,0.5026712,-0.56821835,-0.6923072,0.7002315,-0.1743177]},{"Location":{"X":457.2164,"Y":511.675751,"Z":2743.77539},"Vector":{"X":0.663005233,"Y":0.256772161,"Z":2743.77539},"JointType":8,"OrientationMatrix":[0.19269298,0.506949246,0.8401618,0.7257096,0.5026712,-0.4697523,-0.6604657,0.7002315,-0.271036744]},{"Location":{"X":471.221924,"Y":547.515747,"Z":2708.24219},"Vector":{"X":0.6702026,"Y":0.236320645,"Z":2708.24219},"JointType":9,"OrientationMatrix":[0.19269298,0.506949246,0.8401618,0.7257096,0.5026712,-0.4697523,-0.6604657,0.7002315,-0.271036744]},{"Location":{"X":0.0,"Y":0.0,"Z":0.0},"Vector":{"X":0.0,"Y":0.0,"Z":0.0},"JointType":10,"OrientationMatrix":[1.0,0.0,0.0,0.0,1.0,0.0,0.0,0.0,1.0]},{"Location":{"X":-0.5873166,"Y":523.772156,"Z":2920.24023},"Vector":{"X":0.499803245,"Y":0.266067356,"Z":2920.24023},"JointType":11,"OrientationMatrix":[0.996312261,-0.010655825,-0.08513739,0.0394349732,0.938115835,0.344069153,0.07620239,-0.3461577,0.9350765]},{"Location":{"X":-173.096024,"Y":514.795166,"Z":2921.2583},"Vector":{"X":0.442037731,"Y":0.2701569,"Z":2921.2583},"JointType":12,"OrientationMatrix":[0.7014166,-0.166529864,0.6930242,0.6262919,0.608171046,-0.487736046,-0.340254635,0.7761416,0.5308776]},{"Location":{"X":-373.703979,"Y":326.291931,"Z":2987.03442},"Vector":{"X":0.3776185,"Y":0.3575268,"Z":2987.03442},"JointType":13,"OrientationMatrix":[0.5231188,-0.166529864,-0.835831642,-0.61273545,0.608171046,-0.5046615,0.592369854,0.7761416,0.216106951]},{"Location":{"X":-505.811554,"Y":504.824158,"Z":2848.26929},"Vector":{"X":0.326285541,"Y":0.268832862,"Z":2848.26929},"JointType":14,"OrientationMatrix":[0.396920145,-0.166529864,-0.90261966,-0.6791967,0.608171046,-0.41087684,0.6173704,0.7761416,0.1282888]},{"Location":{"X":-532.2331,"Y":540.5306,"Z":2820.51636},"Vector":{"X":0.315412819,"Y":0.250046819,"Z":2820.51636},"JointType":15,"OrientationMatrix":[0.396920145,-0.166529864,-0.90261966,-0.6791967,0.608171046,-0.41087684,0.6173704,0.7761416,0.1282888]},{"Location":{"X":0.0,"Y":0.0,"Z":0.0},"Vector":{"X":0.0,"Y":0.0,"Z":0.0},"JointType":16,"OrientationMatrix":[1.0,0.0,0.0,0.0,1.0,0.0,0.0,0.0,1.0]},{"Location":{"X":115.548691,"Y":50.2727966,"Z":3018.13},"Vector":{"X":0.5374503,"Y":0.478274882,"Z":3018.13},"JointType":17,"OrientationMatrix":[0.901246965,-0.382398278,0.203778073,0.423247784,0.6761603,-0.6030494,0.0928184,0.629745066,0.7712366]},{"Location":{"X":313.08905,"Y":-204.828629,"Z":2735.89087},"Vector":{"X":0.6119431,"Y":0.597646952,"Z":2735.89087},"JointType":18,"OrientationMatrix":[0.901246965,-0.4277087,0.0694205239,0.423247784,0.8346366,-0.3524813,0.0928184,0.34705478,0.9332405]},{"Location":{"X":445.3791,"Y":-561.9031,"Z":2603.26172},"Vector":{"X":0.6673556,"Y":0.781520844,"Z":2603.26172},"JointType":19,"OrientationMatrix":[0.901246965,-0.4277087,0.0694205239,0.423247784,0.8346366,-0.3524813,0.0928184,0.34705478,0.9332405]},{"Location":{"X":0.0,"Y":0.0,"Z":0.0},"Vector":{"X":0.0,"Y":0.0,"Z":0.0},"JointType":20,"OrientationMatrix":[1.0,0.0,0.0,0.0,1.0,0.0,0.0,0.0,1.0]},{"Location":{"X":-106.0032,"Y":49.7026443,"Z":3019.4624},"Vector":{"X":0.4656586,"Y":0.478530765,"Z":3019.4624},"JointType":21,"OrientationMatrix":[0.9415125,0.218007535,0.256957,-0.233448848,0.971880734,0.0308133084,-0.243014008,-0.08899742,0.9659315]},{"Location":{"X":-106.0032,"Y":-378.967163,"Z":3019.4624},"Vector":{"X":0.4656586,"Y":0.663696349,"Z":3019.4624},"JointType":22,"OrientationMatrix":[0.9415125,0.170228288,0.2908204,-0.233448848,0.951869547,0.1986102,-0.243014008,-0.254885674,0.9359367]},{"Location":{"X":-106.0032,"Y":-782.195862,"Z":3019.4624},"Vector":{"X":0.4656586,"Y":0.837872565,"Z":3019.4624},"JointType":23,"OrientationMatrix":[0.9415125,0.170228288,0.2908204,-0.233448848,0.951869547,0.1986102,-0.243014008,-0.254885674,0.9359367]},{"Location":{"X":0.0,"Y":0.0,"Z":0.0},"Vector":{"X":0.0,"Y":0.0,"Z":0.0},"JointType":24,"OrientationMatrix":[1.0,0.0,0.0,0.0,1.0,0.0,0.0,0.0,1.0]}]}},{"Ticks":"1543293650338","Skeleton":{"Joints":[{"Location":{"X":0.0,"Y":0.0,"Z":0.0},"Vector":{"X":0.0,"Y":0.0,"Z":0.0},"JointType":0,"OrientationMatrix":[1.0,0.0,0.0,0.0,1.0,0.0,0.0,0.0,1.0]},{"Location":{"X":-6.209477,"Y":725.3533,"Z":2854.4917},"Vector":{"X":0.497872055,"Y":0.168573067,"Z":2854.4917},"JointType":1,"OrientationMatrix":[0.9981401,-0.0127605908,-0.0596114025,0.03258065,0.9381427,0.344712526,0.05152527,-0.346013576,0.9368136]},{"Location":{"X":-1.54405177,"Y":602.7543,"Z":2888.01416},"Vector":{"X":0.499477,"Y":0.227787539,"Z":2888.01416},"JointType":2,"OrientationMatrix":[0.9981401,-0.0127605908,-0.0596114025,0.03258065,0.9381427,0.344712526,0.05152527,-0.346013576,0.9368136]},{"Location":{"X":2.3527813,"Y":277.069061,"Z":3010.746},"Vector":{"X":0.5007644,"Y":0.379972458,"Z":3010.746},"JointType":3,"OrientationMatrix":[0.9981401,-0.0127605908,-0.0596114025,0.03258065,0.9381427,0.344712526,0.05152527,-0.346013576,0.9368136]},{"Location":{"X":4.95564556,"Y":67.89569,"Z":3006.57227},"Vector":{"X":0.5016123,"Y":0.470546454,"Z":3006.57227},"JointType":4,"OrientationMatrix":[0.995958269,-0.0226089936,-0.08692531,0.0225404464,0.999744356,-0.00177014957,0.08694311,-0.000196340319,0.996213257]},{"Location":{"X":-0.576657832,"Y":521.902466,"Z":2918.48242},"Vector":{"X":0.499806732,"Y":0.266762,"Z":2918.48242},"JointType":5,"OrientationMatrix":[0.9981401,-0.0127605908,-0.0596114025,0.03258065,0.9381427,0.344712526,0.05152527,-0.346013576,0.9368136]},{"Location":{"X":171.207413,"Y":514.4272,"Z":2915.687},"Vector":{"X":0.557439446,"Y":0.2698823,"Z":2915.687},"JointType":6,"OrientationMatrix":[0.7315406,0.496519178,-0.467244118,-0.6812182,0.5040375,-0.530931234,-0.02810899,0.706692934,0.706961751]},{"Location":{"X":386.337372,"Y":329.4289,"Z":2921.46582},"Vector":{"X":0.629358232,"Y":0.3529287,"Z":2921.46582},"JointType":7,"OrientationMatrix":[0.31059742,0.496519178,0.8105541,0.6570697,0.5040375,-0.5605405,-0.6868688,0.706692934,-0.16969493]},{"Location":{"X":457.216,"Y":507.765,"Z":2743.26855},"Vector":{"X":0.6630352,"Y":0.258586556,"Z":2743.26855},"JointType":8,"OrientationMatrix":[0.195730031,0.496519178,0.8456704,0.72815907,0.5040375,-0.464468032,-0.6568669,0.706692934,-0.262889683]},{"Location":{"X":471.391724,"Y":543.432251,"Z":2707.62915},"Vector":{"X":0.6703025,"Y":0.238227978,"Z":2707.62915},"JointType":9,"OrientationMatrix":[0.195730031,0.496519178,0.8456704,0.72815907,0.5040375,-0.464468032,-0.6568669,0.706692934,-0.262889683]},{"Location":{"X":0.0,"Y":0.0,"Z":0.0},"Vector":{"X":0.0,"Y":0.0,"Z":0.0},"JointType":10,"OrientationMatrix":[1.0,0.0,0.0,0.0,1.0,0.0,0.0,0.0,1.0]},{"Location":{"X":-0.576657832,"Y":521.902466,"Z":2918.48242},"Vector":{"X":0.499806732,"Y":0.266762,"Z":2918.48242},"JointType":11,"OrientationMatrix":[0.9981401,-0.0127605908,-0.0596114025,0.03258065,0.9381427,0.344712526,0.05152527,-0.346013576,0.9368136]},{"Location":{"X":-172.388184,"Y":513.079468,"Z":2922.3833},"Vector":{"X":0.442296982,"Y":0.271011055,"Z":2922.3833},"JointType":12,"OrientationMatrix":[0.706928551,-0.17609641,0.68501246,0.6365727,0.5805287,-0.5077023,-0.308264822,0.7949695,0.522490442]},{"Location":{"X":-374.891937,"Y":324.988281,"Z":2986.82349},"Vector":{"X":0.3772208,"Y":0.35808602,"Z":2986.82349},"JointType":13,"OrientationMatrix":[0.5142755,-0.17609641,-0.8393514,-0.63435626,0.5805287,-0.510469,0.5771593,0.7949695,0.186843812]},{"Location":{"X":-505.693085,"Y":503.511841,"Z":2846.81543},"Vector":{"X":0.32623753,"Y":0.269316047,"Z":2846.81543},"JointType":14,"OrientationMatrix":[0.394188255,-0.17609641,-0.9020009,-0.698423862,0.5805287,-0.418557763,0.5973439,0.7949695,0.105847634]},{"Location":{"X":-531.853333,"Y":539.216553,"Z":2818.81372},"Vector":{"X":0.3154331,"Y":0.250503838,"Z":2818.81372},"JointType":15,"OrientationMatrix":[0.394188255,-0.17609641,-0.9020009,-0.698423862,0.5805287,-0.418557763,0.5973439,0.7949695,0.105847634]},{"Location":{"X":0.0,"Y":0.0,"Z":0.0},"Vector":{"X":0.0,"Y":0.0,"Z":0.0},"JointType":16,"OrientationMatrix":[1.0,0.0,0.0,0.0,1.0,0.0,0.0,0.0,1.0]},{"Location":{"X":115.527985,"Y":48.36748,"Z":3017.098},"Vector":{"X":0.5374564,"Y":0.4790911,"Z":3017.098},"JointType":17,"OrientationMatrix":[0.912696242,-0.407482684,-0.03071514,0.250914365,0.618159354,-0.7449302,0.322533,0.672188163,0.666434944]},{"Location":{"X":313.382874,"Y":-206.144012,"Z":2734.52148},"Vector":{"X":0.6121043,"Y":0.5983233,"Z":2734.52148},"JointType":18,"OrientationMatrix":[0.912696242,-0.346083343,-0.217283,0.250914365,0.8943108,-0.3704729,0.322533,0.2836098,0.9030714]},{"Location":{"X":412.0827,"Y":-578.428833,"Z":2615.12451},"Vector":{"X":0.6541418,"Y":0.7884859,"Z":2615.12451},"JointType":19,"OrientationMatrix":[0.912696242,-0.346083343,-0.217283,0.250914365,0.8943108,-0.3704729,0.322533,0.2836098,0.9030714]},{"Location":{"X":0.0,"Y":0.0,"Z":0.0},"Vector":{"X":0.0,"Y":0.0,"Z":0.0},"JointType":20,"OrientationMatrix":[1.0,0.0,0.0,0.0,1.0,0.0,0.0,0.0,1.0]},{"Location":{"X":-105.23455,"Y":46.75821,"Z":3019.66577},"Vector":{"X":0.465909958,"Y":0.479803979,"Z":3019.66577},"JointType":21,"OrientationMatrix":[0.964584,0.197410554,0.174947932,-0.20810397,0.977077365,0.0448611826,-0.1620816,-0.07967