[{"Ticks":"1543293022689","Skeleton":{"Joints":[{"Location":{"X":0.0,"Y":0.0,"Z":0.0},"Vector":{"X":0.0,"Y":0.0,"Z":0.0},"JointType":0,"OrientationMatrix":[1.0,0.0,0.0,0.0,1.0,0.0,0.0,0.0,1.0]},{"Location":{"X":84.69271,"Y":809.777344,"Z":3518.33057},"Vector":{"X":0.5235471,"Y":0.199810162,"Z":3518.33057},"JointType":1,"OrientationMatrix":[0.999086738,0.00686267158,-0.04217365,-0.018076865,0.962223232,-0.271660954,0.0387161449,0.272175223,0.9614685]},{"Location":{"X":88.99101,"Y":690.933,"Z":3447.852},"Vector":{"X":0.525247931,"Y":0.238630846,"Z":3447.852},"JointType":2,"OrientationMatrix":[0.999086738,0.00686267158,-0.04217365,-0.018076865,0.962223232,-0.271660954,0.0387161449,0.272175223,0.9614685]},{"Location":{"X":84.28923,"Y":335.114929,"Z":3351.06982},"Vector":{"X":0.5246047,"Y":0.369570076,"Z":3351.06982},"JointType":3,"OrientationMatrix":[0.999086738,0.00686267158,-0.04217365,-0.018076865,0.962223232,-0.271660954,0.0387161449,0.272175223,0.9614685]},{"Location":{"X":85.40828,"Y":118.489716,"Z":3302.042},"Vector":{"X":0.525301456,"Y":0.453197926,"Z":3302.042},"JointType":4,"OrientationMatrix":[0.9994118,-0.00160732772,0.0342547633,0.009258573,0.9744525,-0.224402755,-0.0330189541,0.224587917,0.973894238]},{"Location":{"X":87.82155,"Y":602.430969,"Z":3423.77954},"Vector":{"X":0.5250913,"Y":0.270507485,"Z":3423.77954},"JointType":5,"OrientationMatrix":[0.999086738,0.00686267158,-0.04217365,-0.018076865,0.962223232,-0.271660954,0.0387161449,0.272175223,0.9614685]},{"Location":{"X":267.822632,"Y":587.4618,"Z":3393.22461},"Vector":{"X":0.5772081,"Y":0.274194747,"Z":3393.22461},"JointType":6,"OrientationMatrix":[0.839502454,0.5369486,-0.0831973255,-0.512260556,0.7310708,-0.450693429,-0.181176081,0.420976937,0.888793349]},{"Location":{"X":532.496,"Y":437.405334,"Z":3380.2146},"Vector":{"X":0.654099166,"Y":0.331225485,"Z":3380.2146},"JointType":7,"OrientationMatrix":[0.8379226,0.5369486,-0.0978359953,-0.5200482,0.7310708,-0.4416846,-0.1656369,0.420976937,0.891819954]},{"Location":{"X":532.496,"Y":152.93631,"Z":3380.2146},"Vector":{"X":0.654099166,"Y":0.440988958,"Z":3380.2146},"JointType":8,"OrientationMatrix":[0.8434179,0.5369486,0.018232841,-0.454422176,0.7310708,-0.5089557,-0.28661257,0.420976937,0.8605996]},{"Location":{"X":532.496,"Y":39.2738647,"Z":3380.2146},"Vector":{"X":0.654099166,"Y":0.484846026,"Z":3380.2146},"JointType":9,"OrientationMatrix":[0.8434179,0.5369486,0.018232841,-0.454422176,0.7310708,-0.5089557,-0.28661257,0.420976937,0.8605996]},{"Location":{"X":0.0,"Y":0.0,"Z":0.0},"Vector":{"X":0.0,"Y":0.0,"Z":0.0},"JointType":10,"OrientationMatrix":[1.0,0.0,0.0,0.0,1.0,0.0,0.0,0.0,1.0]},{"Location":{"X":87.82155,"Y":602.430969,"Z":3423.77954},"Vector":{"X":0.5250913,"Y":0.270507485,"Z":3423.77954},"JointType":11,"OrientationMatrix":[0.999086738,0.00686267158,-0.04217365,-0.018076865,0.962223232,-0.271660954,0.0387161449,0.272175223,0.9614685]},{"Location":{"X":-93.1889648,"Y":591.348267,"Z":3397.21069},"Vector":{"X":0.473166943,"Y":0.2729676,"Z":3397.21069},"JointType":12,"OrientationMatrix":[0.8295428,-0.408775151,-0.380475521,0.541142344,0.7566795,0.366880238,0.137926489,-0.5102343,0.8489036]},{"Location":{"X":-354.218048,"Y":436.4523,"Z":3372.52734},"Vector":{"X":0.397259057,"Y":0.331209362,"Z":3372.52734},"JointType":13,"OrientationMatrix":[-0.898067951,-0.408775151,-0.162409291,-0.234020352,0.7566795,-0.610467553,0.372435749,-0.5102343,-0.775211334]},{"Location":{"X":-98.27368,"Y":509.33136,"Z":3272.00977},"Vector":{"X":0.470620066,"Y":0.296973437,"Z":3272.00977},"JointType":14,"OrientationMatrix":[-0.904953539,-0.408775151,-0.118160583,-0.263684064,0.7566795,-0.5982532,0.333960742,-0.5102343,-0.7925473]},{"Location":{"X":4.46221161,"Y":538.584961,"Z":3231.662},"Vector":{"X":0.5013507,"Y":0.282632172,"Z":3231.662},"JointType":15,"OrientationMatrix":[-0.904953539,-0.408775151,-0.118160583,-0.263684064,0.7566795,-0.5982532,0.333960742,-0.5102343,-0.7925473]},{"Location":{"X":0.0,"Y":0.0,"Z":0.0},"Vector":{"X":0.0,"Y":0.0,"Z":0.0},"JointType":16,"OrientationMatrix":[1.0,0.0,0.0,0.0,1.0,0.0,0.0,0.0,1.0]},{"Location":{"X":197.900635,"Y":66.09909,"Z":3287.978},"Vector":{"X":0.5588771,"Y":0.473779947,"Z":3287.978},"JointType":17,"OrientationMatrix":[0.887675166,-0.124908857,0.443204939,0.3104112,0.8732527,-0.375598937,-0.3401143,0.470985621,0.813937843]},{"Location":{"X":249.982285,"Y":-323.3758,"Z":3074.54688},"Vector":{"X":0.57953465,"Y":0.637180865,"Z":3074.54688},"JointType":18,"OrientationMatrix":[0.887675166,-0.1630614,0.4306319,0.3104112,0.9026653,-0.2980607,-0.3401143,0.398254037,0.85188967]},{"Location":{"X":336.776581,"Y":-722.3372,"Z":2894.4585},"Vector":{"X":0.6138159,"Y":0.825491548,"Z":2894.4585},"JointType":19,"OrientationMatrix":[0.887675166,-0.1630614,0.4306319,0.3104112,0.9026653,-0.2980607,-0.3401143,0.398254037,0.85188967]},{"Location":{"X":0.0,"Y":0.0,"Z":0.0},"Vector":{"X":0.0,"Y":0.0,"Z":0.0},"JointType":20,"OrientationMatrix":[1.0,0.0,0.0,0.0,1.0,0.0,0.0,0.0,1.0]},{"Location":{"X":-27.27063,"Y":65.1798,"Z":3298.43042},"Vector":{"X":0.491912454,"Y":0.474226534,"Z":3298.43042},"JointType":21,"OrientationMatrix":[0.98570466,0.16768603,0.0163621735,-0.13834101,0.8609686,-0.4894843,-0.096167,0.480223417,0.8718586]},{"Location":{"X":-96.18904,"Y":-316.023071,"Z":3075.06836},"Vector":{"X":0.469401538,"Y":0.6340389,"Z":3075.06836},"JointType":22,"OrientationMatrix":[0.98570466,0.162064478,0.04605902,-0.13834101,0.934570253,-0.327780724,-0.096167,0.316723138,0.9436304]},{"Location":{"X":-186.424149,"Y":-730.814,"Z":2937.44067},"Vector":{"X":0.4379186,"Y":0.8244926,"Z":2937.44067},"JointType":23,"OrientationMatrix":[0.98570466,0.162064478,0.04605902,-0.13834101,0.934570253,-0.327780724,-0.096167,0.316723138,0.9436304]},{"Location":{"X":0.0,"Y":0.0,"Z":0.0},"Vector":{"X":0.0,"Y":0.0,"Z":0.0},"JointType":24,"OrientationMatrix":[1.0,0.0,0.0,0.0,1.0,0.0,0.0,0.0,1.0]}]}},{"Ticks":"1543293022736","Skeleton":{"Joints":[{"Location":{"X":0.0,"Y":0.0,"Z":0.0},"Vector":{"X":0.0,"Y":0.0,"Z":0.0},"JointType":0,"OrientationMatrix":[1.0,0.0,0.0,0.0,1.0,0.0,0.0,0.0,1.0]},{"Location":{"X":85.55522,"Y":806.7788,"Z":3515.82251},"Vector":{"X":0.5238039,"Y":0.200708389,"Z":3515.82251},"JointType":1,"OrientationMatrix":[0.9999319,0.0109635405,-0.0040046596,-0.0116408067,0.961805165,-0.2734874,0.000853312435,0.273515373,0.9618673]},{"Location":{"X":90.0176544,"Y":690.951965,"Z":3442.11621},"Vector":{"X":0.5255817,"Y":0.238188118,"Z":3442.11621},"JointType":2,"OrientationMatrix":[0.9999319,0.0109635405,-0.0040046596,-0.0116408067,0.961805165,-0.2734874,0.000853312435,0.273515373,0.9618673]},{"Location":{"X":84.59787,"Y":333.839447,"Z":3345.367},"Vector":{"X":0.5247368,"Y":0.369844973,"Z":3345.367},"JointType":3,"OrientationMatrix":[0.9999319,0.0109635405,-0.0040046596,-0.0116408067,0.961805165,-0.2734874,0.000853312435,0.273515373,0.9618673]},{"Location":{"X":85.42797,"Y":116.665619,"Z":3298.724},"Vector":{"X":0.525332749,"Y":0.453872085,"Z":3298.724},"JointType":4,"OrientationMatrix":[0.9987353,-0.006022339,0.0499146171,0.0166468024,0.9764111,-0.215277031,-0.0474407151,0.21583569,0.9752765]},{"Location":{"X":88.67403,"Y":602.4198,"Z":3418.131},"Vector":{"X":0.525376737,"Y":0.2701325,"Z":3418.131},"JointType":5,"OrientationMatrix":[0.9999319,0.0109635405,-0.0040046596,-0.0116408067,0.961805165,-0.2734874,0.000853312435,0.273515373,0.9618673]},{"Location":{"X":269.158325,"Y":587.1211,"Z":3384.866},"Vector":{"X":0.5777848,"Y":0.273768425,"Z":3384.866},"JointType":6,"OrientationMatrix":[0.8216845,0.5698223,-0.0117110191,-0.51289916,0.7303288,-0.451169878,-0.24853377,0.376725852,0.8923612]},{"Location":{"X":531.164063,"Y":437.549866,"Z":3343.20654},"Vector":{"X":0.6554153,"Y":0.329300851,"Z":3343.20654},"JointType":7,"OrientationMatrix":[0.8213549,0.5698223,-0.0260496065,-0.5206951,0.7303288,-0.442149848,-0.232922062,0.376725852,0.8965629]},{"Location":{"X":531.164063,"Y":154.349243,"Z":3343.20654},"Vector":{"X":0.6554153,"Y":0.4397845,"Z":3343.20654},"JointType":8,"OrientationMatrix":[0.8171431,0.5698223,0.087061666,-0.45499897,0.7303288,-0.509505451,-0.3539112,0.376725852,0.8560517]},{"Location":{"X":531.164063,"Y":40.67617,"Z":3343.20654},"Vector":{"X":0.6554153,"Y":0.484131217,"Z":3343.20654},"JointType":9,"OrientationMatrix":[0.8171431,0.5698223,0.087061666,-0.45499897,0.7303288,-0.509505451,-0.3539112,0.376725852,0.8560517]},{"Location":{"X":0.0,"Y":0.0,"Z":0.0},"Vector":{"X":0.0,"Y":0.0,"Z":0.0},"JointType":10,"OrientationMatrix":[1.0,0.0,0.0,0.0,1.0,0.0,0.0,0.0,1.0]},{"Location":{"X":88.67403,"Y":602.4198,"Z":3418.131},"Vector":{"X":0.525376737,"Y":0.2701325,"Z":3418.131},"JointType":11,"OrientationMatrix":[0.9999319,0.0109635405,-0.0040046596,-0.0116408067,0.961805165,-0.2734874,0.000853312435,0.273515373,0.9618673]},{"Location":{"X":-94.53522,"Y":590.64856,"Z":3397.0686},"Vector":{"X":0.472778141,"Y":0.273226738,"Z":3397.0686},"JointType":12,"OrientationMatrix":[0.8522059,-0.394347459,-0.3438535,0.5069846,0.7847854,0.356480718,0.129273951,-0.4781234,0.8687268]},{"Location":{"X":-361.945129,"Y":446.215363,"Z":3377.44482},"Vector":{"X":0.3951707,"Y":0.327684939,"Z":3377.44482},"JointType":13,"OrientationMatrix":[-0.9008288,-0.394347459,-0.181652427,-0.22727859,0.7847854,-0.57659024,0.369935066,-0.4781234,-0.796584]},{"Location":{"X":-106.460114,"Y":516.0637,"Z":3277.18921},"Vector":{"X":0.468222946,"Y":0.294614941,"Z":3277.18921},"JointType":14,"OrientationMatrix":[-0.908655,-0.394347459,-0.137245119,-0.255288631,0.7847854,-0.5647474,0.330414653,-0.4781234,-0.813771546]},{"Location":{"X":-3.53407288,"Y":544.2032,"Z":3236.7998},"Vector":{"X":0.498931974,"Y":0.28071335,"Z":3236.7998},"JointType":15,"OrientationMatrix":[-0.908655,-0.394347459,-0.137245119,-0.255288631,0.7847854,-0.5647474,0.330414653,-0.4781234,-0.813771546]},{"Location":{"X":0.0,"Y":0.0,"Z":0.0},"Vector":{"X":0.0,"Y":0.0,"Z":0.0},"JointType":16,"OrientationMatrix":[1.0,0.0,0.0,0.0,1.0,0.0,0.0,0.0,1.0]},{"Location":{"X":198.479492,"Y":65.89542,"Z":3286.64819},"Vector":{"X":0.5590732,"Y":0.473850161,"Z":3286.64819},"JointType":17,"OrientationMatrix":[0.8761785,-0.119817138,0.4668566,0.3198652,0.869117439,-0.3772547,-0.360551625,0.479873627,0.799827337]},{"Location":{"X":253.156509,"Y":-316.704224,"Z":3062.20435},"Vector":{"X":0.5808692,"Y":0.634892166,"Z":3062.20435},"JointType":18,"OrientationMatrix":[0.8761785,-0.172899619,0.44990772,0.3198652,0.9068509,-0.274422616,-0.360551625,0.384353,0.8498678]},{"Location":{"X":337.292053,"Y":-723.643555,"Z":2893.84863},"Vector":{"X":0.6140141,"Y":0.826148868,"Z":2893.84863},"JointType":19,"OrientationMatrix":[0.8761785,-0.172899619,0.44990772,0.3198652,0.9068509,-0.274422616,-0.360551625,0.384353,0.8498678]},{"Location":{"X":0.0,"Y":0.0,"Z":0.0},"Vector":{"X":0.0,"Y":0.0,"Z":0.0},"JointType":20,"OrientationMatrix":[1.0,0.0,0.0,0.0,1.0,0.0,0.0,0.0,1.0]},{"Location":{"X":-26.5322037,"Y":62.1139832,"Z":3297.58374},"Vector":{"X":0.492129415,"Y":0.475432515,"Z":3297.58374},"JointType":21,"OrientationMatrix":[0.9851286,0.17080012,0.01868062,-0.140004918,0.860989869,-0.488973469,-0.09960055,0.479086369,0.8720986]},{"Location":{"X":-96.63611,"Y":-318.4951,"Z":3074.04565},"Vector":{"X":0.469249159,"Y":0.635132432,"Z":3074.04565},"JointType":22,"OrientationMatrix":[0.9851286,0.164741755,0.04880373,-0.140004918,0.9343154,-0.327800781,-0.09960055,0.316093147,0.9434855]},{"Location":{"X":-187.415558,"Y":-735.3962,"Z":2936.29736},"Vector":{"X":0.4375642,"Y":0.826654255,"Z":2936.29736},"JointType":23,"OrientationMatrix":[0.9851286,0.164741755,0.04880373,-0.140004918,0.9343154,-0.327800781,-0.09960055,0.316093147,0.9434855]},{"Location":{"X":0.0,"Y":0.0,"Z":0.0},"Vector":{"X":0.0,"Y":0.0,"Z":0.0},"JointType":24,"OrientationMatrix":[1.0,0.0,0.0,0.0,1.0,0.0,0.0,0.0,1.0]}]}},{"Ticks":"1543293022776","Skeleton":{"Joints":[{"Location":{"X":0.0,"Y":0.0,"Z":0.0},"Vector":{"X":0.0,"Y":0.0,"Z":0.0},"JointType":0,"OrientationMatrix":[1.0,0.0,0.0,0.0,1.0,0.0,0.0,0.0,1.0]},{"Location":{"X":81.315834,"Y":804.49176,"Z":3513.56421},"Vector":{"X":0.5226389,"Y":0.201365,"Z":3513.56421},"JointType":1,"OrientationMatrix":[0.996363044,0.00779517647,0.08485232,0.0169741157,0.9576914,-0.287296236,-0.08350187,0.287691653,0.954076]},{"Location":{"X":89.81804,"Y":691.2355,"Z":3438.56836},"Vector":{"X":0.5255514,"Y":0.237810448,"Z":3438.56836},"JointType":2,"OrientationMatrix":[0.996363044,0.00779517647,0.08485232,0.0169741157,0.9576914,-0.287296236,-0.08350187,0.287691653,0.954076]},{"Location":{"X":84.8703842,"Y":332.657867,"Z":3338.615},"Vector":{"X":0.5248667,"Y":0.370043367,"Z":3338.615},"JointType":3,"OrientationMatrix":[0.996363044,0.00779517647,0.08485232,0.0169741157,0.9576914,-0.287296236,-0.08350187,0.287691653,0.954076]},{"Location":{"X":85.43718,"Y":117.187546,"Z":3284.52051},"Vector":{"X":0.525445044,"Y":0.453465343,"Z":3284.52051},"JointType":4,"OrientationMatrix":[0.9988341,-0.0058343485,0.0479208268,0.0156185515,0.978336334,-0.206431881,-0.04567829,0.206939653,0.9772868]},{"Location":{"X":88.5987244,"Y":602.8667,"Z":3413.93555},"Vector":{"X":0.5253864,"Y":0.269679278,"Z":3413.93555},"JointType":5,"OrientationMatrix":[0.996363044,0.00779517647,0.08485232,0.0169741157,0.9576914,-0.287296236,-0.08350187,0.287691653,0.954076]},{"Location":{"X":270.1015,"Y":586.9665,"Z":3380.96118},"Vector":{"X":0.578147531,"Y":0.273566782,"Z":3380.96118},"JointType":6,"OrientationMatrix":[0.8619846,0.50573,-0.0349247828,-0.4604636,0.7522905,-0.471203,-0.2120279,0.4222513,0.8813331]},{"Location":{"X":536.0196,"Y":443.4947,"Z":3342.486},"Vector":{"X":0.656869769,"Y":0.326944321,"Z":3342.486},"JointType":7,"OrientationMatrix":[0.8612438,0.50573,-0.04996317,-0.4686171,0.7522905,-0.463095,-0.196614221,0.4222513,0.884899259]},{"Location":{"X":536.0196,"Y":158.687012,"Z":3342.486},"Vector":{"X":0.656869769,"Y":0.43807888,"Z":3342.486},"JointType":8,"OrientationMatrix":[0.8599395,0.50573,0.06885616,-0.4005369,0.7522905,-0.5230958,-0.316345066,0.4222513,0.8494879]},{"Location":{"X":536.0196,"Y":44.9986267,"Z":3342.486},"Vector":{"X":0.656869769,"Y":0.482441127,"Z":3342.486},"JointType":9,"OrientationMatrix":[0.8599395,0.50573,0.06885616,-0.4005369,0.7522905,-0.5230958,-0.316345066,0.4222513,0.8494879]},{"Location":{"X":0.0,"Y":0.0,"Z":0.0},"Vector":{"X":0.0,"Y":0.0,"Z":0.0},"JointType":10,"OrientationMatrix":[1.0,0.0,0.0,0.0,1.0,0.0,0.0,0.0,1.0]},{"Location":{"X":88.5987244,"Y":602.8667,"Z":3413.93555},"Vector":{"X":0.5253864,"Y":0.269679278,"Z":3413.93555},"JointType":11,"OrientationMatrix":[0.996363044,0.00779517647,0.08485232,0.0169741157,0.9576914,-0.287296236,-0.08350187,0.287691653,0.954076]},{"Location":{"X":-99.46161,"Y":590.501953,"Z":3411.75977},"Vector":{"X":0.4714829,"Y":0.274259269,"Z":3411.75977},"JointType":12,"OrientationMatrix":[0.5589768,-0.5897662,-0.582855642,0.809083641,0.54177326,0.227739766,0.181462392,-0.598880231,0.7800089]},{"Location":{"X":-270.0688,"Y":339.171021,"Z":3389.33325},"Vector":{"X":0.422054946,"Y":0.369481683,"Z":3389.33325},"JointType":13,"OrientationMatrix":[-0.724045336,-0.5897662,0.357678771,-0.6831799,0.54177326,-0.48963958,0.09499209,-0.598880231,-0.795184851]},{"Location":{"X":-45.8709068,"Y":513.9376,"Z":3371.801},"Vector":{"X":0.48669228,"Y":0.30120042,"Z":3371.801},"JointType":14,"OrientationMatrix":[-0.7056284,-0.5897662,0.392765,-0.7063759,0.54177326,-0.455537915,0.0558712967,-0.598880231,-0.798887253]},{"Location":{"X":43.8343849,"Y":583.8646,"Z":3364.78613},"Vector":{"X":0.5127434,"Y":0.273680627,"Z":3364.78613},"JointType":15,"OrientationMatrix":[-0.7056284,-0.5897662,0.392765,-0.7063759,0.54177326,-0.455537915,0.0558712967,-0.598880231,-0.798887253]},{"Location":{"X":0.0,"Y":0.0,"Z":0.0},"Vector":{"X":0.0,"Y":0.0,"Z":0.0},"JointType":16,"OrientationMatrix":[1.0,0.0,0.0,0.0,1.0,0.0,0.0,0.0,1.0]},{"Location":{"X":199.563934,"Y":65.5825348,"Z":3279.66821},"Vector":{"X":0.5595224,"Y":0.473918945,"Z":3279.66821},"JointType":17,"OrientationMatrix":[0.8722197,-0.118813515,0.474464118,0.32079792,0.871223152,-0.371562719,-0.3692175,0.476291418,0.798013151]},{"Location":{"X":252.723541,"Y":-323.6113,"Z":3066.69141},"Vector":{"X":0.5806128,"Y":0.63763237,"Z":3066.69141},"JointType":18,"OrientationMatrix":[0.8722197,-0.170273721,0.458519042,0.32079792,0.9068023,-0.2734928,-0.3692175,0.3856378,0.845554233]},{"Location":{"X":338.126678,"Y":-728.0773,"Z":2891.00732},"Vector":{"X":0.614408553,"Y":0.828469634,"Z":2891.00732},"JointType":19,"OrientationMatrix":[0.8722197,-0.170273721,0.458519042,0.32079792,0.9068023,-0.2734928,-0.3692175,0.3856378,0.845554233]},{"Location":{"X":0.0,"Y":0.0,"Z":0.0},"Vector":{"X":0.0,"Y":0.0,"Z":0.0},"JointType":20,"OrientationMatrix":[1.0,0.0,0.0,0.0,1.0,0.0,0.0,0.0,1.0]},{"Location":{"X":-27.1483612,"Y":62.8407745,"Z":3292.56714},"Vector":{"X":0.4919344,"Y":0.4751072,"Z":3292.56714},"JointType":21,"OrientationMatrix":[0.98557514,0.169221222,-0.00240161549,-0.149739,0.8653186,-0.47833252,-0.0788658559,0.471792281,0.8781755]},{"Location":{"X":-96.6139755,"Y":-320.723663,"Z":3074.14136},"Vector":{"X":0.469257116,"Y":0.6360737,"Z":3074.14136},"JointType":22,"OrientationMatrix":[0.98557514,0.166922987,0.027898185,-0.149739,0.9369084,-0.315881044,-0.0788658559,0.3071471,0.9483886]},{"Location":{"X":-187.892242,"Y":-738.425537,"Z":2936.50073},"Vector":{"X":0.4374097,"Y":0.8279772,"Z":2936.50073},"JointType":23,"OrientationMatrix":[0.98557514,0.166922987,0.027898185,-0.149739,0.9369084,-0.315881044,-0.0788658559,0.3071471,0.9483886]},{"Location":{"X":0.0,"Y":0.0,"Z":0.0},"Vector":{"X":0.0,"Y":0.0,"Z":0.0},"JointType":24,"OrientationMatrix":[1.0,0.0,0.0,0.0,1.0,0.0,0.0,0.0,1.0]}]}},{"Ticks":"1543293022821","Skeleton":{"Joints":[{"Location":{"X":0.0,"Y":0.0,"Z":0.0},"Vector":{"X":0.0,"Y":0.0,"Z":0.0},"JointType":0,"OrientationMatrix":[1.0,0.0,0.0,0.0,1.0,0.0,0.0,0.0,1.0]},{"Location":{"X":78.86721,"Y":807.5594,"Z":3513.29541},"Vector":{"X":0.5219589,"Y":0.200203329,"Z":3513.29541},"JointType":1,"OrientationMatrix":[0.9982363,0.0107549382,0.05838392,0.00513530057,0.9641236,-0.2654041,-0.05914372,0.265235841,0.9623679]},{"Location":{"X":89.52867,"Y":694.805664,"Z":3438.63135},"Vector":{"X":0.5254686,"Y":0.236461088,"Z":3438.63135},"JointType":2,"OrientationMatrix":[0.9982363,0.0107549382,0.05838392,0.00513530057,0.9641236,-0.2654041,-0.05914372,0.265235841,0.9623679]},{"Location":{"X":84.95803,"Y":335.476532,"Z":3335.22485},"Vector":{"X":0.5249177,"Y":0.368809,"Z":3335.22485},"JointType":3,"OrientationMatrix":[0.9982363,0.0107549382,0.05838392,0.00513530057,0.9641236,-0.2654041,-0.05914372,0.265235841,0.9623679]},{"Location":{"X":85.4328842,"Y":120.961121,"Z":3277.418},"Vector":{"X":0.5254989,"Y":0.451862782,"Z":3277.418},"JointType":4,"OrientationMatrix":[0.997667,-0.00502598658,0.06808281,0.0192438569,0.9775485,-0.209830016,-0.06549965,0.210650653,0.9753646]},{"Location":{"X":88.40722,"Y":606.6404,"Z":3413.25952},"Vector":{"X":0.5253365,"Y":0.2681917,"Z":3413.25952},"JointType":5,"OrientationMatrix":[0.9982363,0.0107549382,0.05838392,0.00513530057,0.9641236,-0.2654041,-0.05914372,0.265235841,0.9623679]},{"Location":{"X":269.318665,"Y":590.9357,"Z":3376.47266},"Vector":{"X":0.578024566,"Y":0.2717325,"Z":3376.47266},"JointType":6,"OrientationMatrix":[0.769444644,0.6264056,0.124783926,-0.528433442,0.7340636,-0.4265075,-0.358766019,0.2622339,0.895835]},{"Location":{"X":536.932,"Y":447.167816,"Z":3354.13672},"Vector":{"X":0.656591,"Y":0.326117128,"Z":3354.13672},"JointType":7,"OrientationMatrix":[0.480390966,0.6264056,0.6138734,-0.0986078456,0.7340636,-0.6718832,-0.8714936,0.2622339,0.414406061]},{"Location":{"X":276.573181,"Y":495.1505,"Z":3246.47},"Vector":{"X":0.5833349,"Y":0.3010734,"Z":3246.47},"JointType":8,"OrientationMatrix":[0.3914803,0.6264056,0.6740617,-0.00534751872,0.7340636,-0.6790596,-0.920170963,0.2622339,0.290721148]},{"Location":{"X":172.999786,"Y":514.2385,"Z":3203.63916},"Vector":{"X":0.5528239,"Y":0.290642738,"Z":3203.63916},"JointType":9,"OrientationMatrix":[0.3914803,0.6264056,0.6740617,-0.00534751872,0.7340636,-0.6790596,-0.920170963,0.2622339,0.290721148]},{"Location":{"X":0.0,"Y":0.0,"Z":0.0},"Vector":{"X":0.0,"Y":0.0,"Z":0.0},"JointType":10,"OrientationMatrix":[1.0,0.0,0.0,0.0,1.0,0.0,0.0,0.0,1.0]},{"Location":{"X":88.40722,"Y":606.6404,"Z":3413.25952},"Vector":{"X":0.5253365,"Y":0.2681917,"Z":3413.25952},"JointType":11,"OrientationMatrix":[0.9982363,0.0107549382,0.05838392,0.00513530057,0.9641236,-0.2654041,-0.05914372,0.265235841,0.9623679]},{"Location":{"X":-98.62004,"Y":592.217163,"Z":3406.18457},"Vector":{"X":0.471677929,"Y":0.273233,"Z":3406.18457},"JointType":12,"OrientationMatrix":[0.8561489,-0.157859772,-0.492025733,0.460252,0.6658189,0.587242067,0.234898135,-0.729222536,0.6426954]},{"Location":{"X":-369.7557,"Y":454.4544,"Z":3389.098},"Vector":{"X":0.393276751,"Y":0.32510668,"Z":3389.098},"JointType":13,"OrientationMatrix":[-0.9766225,-0.157859772,0.145906568,-0.214389786,0.6658189,-0.7146483,0.01566687,-0.729222536,-0.6840973]},{"Location":{"X":-98.1167145,"Y":518.4438,"Z":3327.46338},"Vector":{"X":0.471155822,"Y":0.296785176,"Z":3327.46338},"JointType":14,"OrientationMatrix":[-0.9682896,-0.157859772,0.19363746,-0.249187544,0.6658189,-0.703271449,-0.0179092139,-0.729222536,-0.6840422]},{"Location":{"X":10.1477356,"Y":543.9474,"Z":3302.89844},"Vector":{"X":0.5030054,"Y":0.285202771,"Z":3302.89844},"JointType":15,"OrientationMatrix":[-0.9682896,-0.157859772,0.19363746,-0.249187544,0.6658189,-0.703271449,-0.0179092139,-0.729222536,-0.6840422]},{"Location":{"X":0.0,"Y":0.0,"Z":0.0},"Vector":{"X":0.0,"Y":0.0,"Z":0.0},"JointType":16,"OrientationMatrix":[1.0,0.0,0.0,0.0,1.0,0.0,0.0,0.0,1.0]},{"Location":{"X":199.958679,"Y":65.6150055,"Z":3274.80981},"Vector":{"X":0.5597286,"Y":0.473867327,"Z":3274.80981},"JointType":17,"OrientationMatrix":[0.8631225,-0.118786357,0.490825176,0.318946123,0.881782055,-0.3474677,-0.3915264,0.456453979,0.798972368]},{"Location":{"X":253.494461,"Y":-324.650879,"Z":3063.657},"Vector":{"X":0.580938756,"Y":0.63821125,"Z":3063.657},"JointType":18,"OrientationMatrix":[0.8631225,-0.163430646,0.477817923,0.318946123,0.9100051,-0.2648851,-0.3915264,0.381026447,0.837571442]},{"Location":{"X":338.605377,"Y":-730.730652,"Z":2889.49658},"Vector":{"X":0.6146304,"Y":0.8298391,"Z":2889.49658},"JointType":19,"OrientationMatrix":[0.8631225,-0.163430646,0.477817923,0.318946123,0.9100051,-0.2648851,-0.3915264,0.381026447,0.837571442]},{"Location":{"X":0.0,"Y":0.0,"Z":0.0},"Vector":{"X":0.0,"Y":0.0,"Z":0.0},"JointType":20,"OrientationMatrix":[1.0,0.0,0.0,0.0,1.0,0.0,0.0,0.0,1.0]},{"Location":{"X":-27.04715,"Y":63.0386543,"Z":3289.11157},"Vector":{"X":0.491956,"Y":0.4750026,"Z":3289.11157},"JointType":21,"OrientationMatrix":[0.9861696,0.165639147,-0.00576582272,-0.14975144,0.875592232,-0.459252357,-0.07102166,0.453764141,0.8882871]},{"Location":{"X":-96.53299,"Y":-322.7932,"Z":3074.48535},"Vector":{"X":0.469286352,"Y":0.6369364,"Z":3074.48535},"JointType":22,"OrientationMatrix":[0.9861696,0.164243668,0.0222169217,-0.14975144,0.94043833,-0.305205166,-0.07102166,0.297657043,0.95202744]},{"Location":{"X":-187.901947,"Y":-742.738464,"Z":2941.16577},"Vector":{"X":0.437505782,"Y":0.829369545,"Z":2941.16577},"JointType":23,"OrientationMatrix":[0.9861696,0.164243668,0.0222169217,-0.14975144,0.94043833,-0.305205166,-0.07102166,0.297657043,0.95202744]},{"Location":{"X":0.0,"Y":0.0,"Z":0.0},"Vector":{"X":0.0,"Y":0.0,"Z":0.0},"JointType":24,"OrientationMatrix":[1.0,0.0,0.0,0.0,1.0,0.0,0.0,0.0,1.0]}]}},{"Ticks":"1543293022864","Skeleton":{"Joints":[{"Location":{"X":0.0,"Y":0.0,"Z":0.0},"Vector":{"X":0.0,"Y":0.0,"Z":0.0},"JointType":0,"OrientationMatrix":[1.0,0.0,0.0,0.0,1.0,0.0,0.0,0.0,1.0]},{"Location":{"X":78.6337051,"Y":813.4605,"Z":3512.079},"Vector":{"X":0.5219015,"Y":0.197908014,"Z":3512.079},"JointType":1,"OrientationMatrix":[0.9970941,0.00518265739,0.07600341,0.0174849238,0.9554792,-0.2945399,-0.0741461739,0.295012921,0.952612042]},{"Location":{"X":89.24838,"Y":700.3777,"Z":3438.56543},"Vector":{"X":0.5253893,"Y":0.234342545,"Z":3438.56543},"JointType":2,"OrientationMatrix":[0.9970941,0.00518265739,0.07600341,0.0174849238,0.9554792,-0.2945399,-0.0741461739,0.295012921,0.952612042]},{"Location":{"X":85.04765,"Y":340.9692,"Z":3328.839},"Vector":{"X":0.5249918,"Y":0.366405278,"Z":3328.839},"JointType":3,"OrientationMatrix":[0.9970941,0.00518265739,0.07600341,0.0174849238,0.9554792,-0.2945399,-0.0741461739,0.295012921,0.952612042]},{"Location":{"X":85.42807,"Y":126.833145,"Z":3269.60986},"Vector":{"X":0.525558352,"Y":0.449405462,"Z":3269.60986},"JointType":4,"OrientationMatrix":[0.997617543,-0.0032394575,0.06891103,0.0182541516,0.9756893,-0.218396932,-0.06652827,0.219134524,0.9734239]},{"Location":{"X":88.22277,"Y":612.628,"Z":3411.77563},"Vector":{"X":0.525294662,"Y":0.265801877,"Z":3411.77563},"JointType":5,"OrientationMatrix":[0.9970941,0.00518265739,0.07600341,0.0174849238,0.9554792,-0.2945399,-0.0741461739,0.295012921,0.952612042]},{"Location":{"X":266.367645,"Y":595.0662,"Z":3368.55029},"Vector":{"X":0.577351153,"Y":0.2695964,"Z":3368.55029},"JointType":6,"OrientationMatrix":[0.8123135,0.551368237,-0.190104827,-0.570320547,0.6827837,-0.456662744,-0.121988848,0.479374,0.8690911]},{"Location":{"X":530.2269,"Y":444.7013,"Z":3344.88013},"Vector":{"X":0.6550635,"Y":0.3265977,"Z":3344.88013},"JointType":7,"OrientationMatrix":[0.8335119,0.551368237,0.03536925,-0.4264887,0.6827837,-0.5932232,-0.351234,0.479374,0.8042607]},{"Location":{"X":763.4557,"Y":290.928741,"Z":3291.74438},"Vector":{"X":0.7268747,"Y":0.384727,"Z":3291.74438},"JointType":8,"OrientationMatrix":[0.820745,0.551368237,0.149568409,-0.340926915,0.6827837,-0.6462006,-0.458417356,0.479374,0.7483676]},{"Location":{"X":856.707031,"Y":229.4462,"Z":3270.49927},"Vector":{"X":0.7562398,"Y":0.408497334,"Z":3270.49927},"JointType":9,"OrientationMatrix":[0.820745,0.551368237,0.149568409,-0.340926915,0.6827837,-0.6462006,-0.458417356,0.479374,0.7483676]},{"Location":{"X":0.0,"Y":0.0,"Z":0.0},"Vector":{"X":0.0,"Y":0.0,"Z":0.0},"JointType":10,"OrientationMatrix":[1.0,0.0,0.0,0.0,1.0,0.0,0.0,0.0,1.0]},{"Location":{"X":88.22277,"Y":612.628,"Z":3411.77563},"Vector":{"X":0.525294662,"Y":0.265801877,"Z":3411.77563},"JointType":11,"OrientationMatrix":[0.9970941,0.00518265739,0.07600341,0.0174849238,0.9554792,-0.2945399,-0.0741461739,0.295012921,0.952612042]},{"Location":{"X":-97.06468,"Y":595.1339,"Z":3398.87866},"Vector":{"X":0.472064674,"Y":0.271626323,"Z":3398.87866},"JointType":12,"OrientationMatrix":[0.870949566,-0.3251801,-0.368381262,0.488766,0.6504343,0.5814146,0.05054334,-0.686435044,0.7254325]},{"Location":{"X":-368.206055,"Y":456.6274,"Z":3408.35718},"Vector":{"X":0.394324541,"Y":0.3252634,"Z":3408.35718},"JointType":13,"OrientationMatrix":[-0.940133333,-0.3251801,-0.102015667,-0.144051164,0.6504343,-0.7457777,0.3088666,-0.686435044,-0.6583376]},{"Location":{"X":-98.8631744,"Y":490.843658,"Z":3323.80713},"Vector":{"X":0.4709044,"Y":0.307391971,"Z":3323.80713},"JointType":14,"OrientationMatrix":[-0.9440058,-0.3251801,-0.0557762235,-0.1804606,0.6504343,-0.7378138,0.276201129,-0.686435044,-0.672696]},{"Location":{"X":8.990021,"Y":504.5449,"Z":3289.95068},"Vector":{"X":0.50267303,"Y":0.299978167,"Z":3289.95068},"JointType":15,"OrientationMatrix":[-0.9440058,-0.3251801,-0.0557762235,-0.1804606,0.6504343,-0.7378138,0.276201129,-0.686435044,-0.672696]},{"Location":{"X":0.0,"Y":0.0,"Z":0.0},"Vector":{"X":0.0,"Y":0.0,"Z":0.0},"JointType":16,"OrientationMatrix":[1.0,0.0,0.0,0.0,1.0,0.0,0.0,0.0,1.0]},{"Location":{"X":200.2089,"Y":65.55378,"Z":3263.40283},"Vector":{"X":0.5600124,"Y":0.473800451,"Z":3263.40283},"JointType":17,"OrientationMatrix":[0.8659221,-0.119772628,0.485626876,0.3125196,0.887614369,-0.3383374,-0.390525848,0.444741756,0.8060362]},{"Location":{"X":253.917023,"Y":-329.728729,"Z":3062.32739},"Vector":{"X":0.5811089,"Y":0.640433967,"Z":3062.32739},"JointType":18,"OrientationMatrix":[0.8659221,-0.16164203,0.473340064,0.3125196,0.9137248,-0.2596892,-0.390525848,0.372798681,0.8417308]},{"Location":{"X":339.83783,"Y":-735.0776,"Z":2886.94019},"Vector":{"X":0.615149558,"Y":0.832095,"Z":2886.94019},"JointType":19,"OrientationMatrix":[0.8659221,-0.16164203,0.473340064,0.3125196,0.9137248,-0.2596892,-0.390525848,0.372798681,0.8417308]},{"Location":{"X":0.0,"Y":0.0,"Z":0.0},"Vector":{"X":0.0,"Y":0.0,"Z":0.0},"JointType":20,"OrientationMatrix":[1.0,0.0,0.0,0.0,1.0,0.0,0.0,0.0,1.0]},{"Location":{"X":-27.3725815,"Y":63.23086,"Z":3279.8562},"Vector":{"X":0.49183625,"Y":0.4748556,"Z":3279.8562},"JointType":21,"OrientationMatrix":[0.98664254,0.162820742,-0.005086903,-0.1474247,0.8791918,-0.453086853,-0.06929957,0.4477847,0.8914519]},{"Location":{"X":-96.78384,"Y":-327.170074,"Z":3074.10547},"Vector":{"X":0.4692027,"Y":0.638810337,"Z":3074.10547},"JointType":22,"OrientationMatrix":[0.98664254,0.161487311,0.02140842,-0.1474247,0.9410749,-0.304374665,-0.06929957,0.297152877,0.9523118]},{"Location":{"X":-188.6472,"Y":-747.5172,"Z":2942.5},"Vector":{"X":0.437286317,"Y":0.831338346,"Z":2942.5},"JointType":23,"OrientationMatrix":[0.98664254,0.161487311,0.02140842,-0.1474247,0.9410749,-0.304374665,-0.06929957,0.297152877,0.9523118]},{"Location":{"X":0.0,"Y":0.0,"Z":0.0},"Vector":{"X":0.0,"Y":0.0,"Z":0.0},"JointType":24,"OrientationMatrix":[1.0,0.0,0.0,0.0,1.0,0.0,0.0,0.0,1.0]}]}},{"Ticks":"1543293022906","Skeleton":{"Joints":[{"Location":{"X":0.0,"Y":0.0,"Z":0.0},"Vector":{"X":0.0,"Y":0.0,"Z":0.0},"JointType":0,"OrientationMatrix":[1.0,0.0,0.0,0.0,1.0,0.0,0.0,0.0,1.0]},{"Location":{"X":78.84187,"Y":820.1124,"Z":3510.1},"Vector":{"X":0.5219718,"Y":0.195266008,"Z":3510.1},"JointType":1,"OrientationMatrix":[0.9927069,0.01190655,0.1199636,0.0265013538,0.9492146,-0.3135113,-0.11760404,0.314404041,0.9419763]},{"Location":{"X":88.9857,"Y":706.117554,"Z":3438.48047},"Vector":{"X":0.5253152,"Y":0.23215875,"Z":3438.48047},"JointType":2,"OrientationMatrix":[0.9927069,0.01190655,0.1199636,0.0265013538,0.9492146,-0.3135113,-0.11760404,0.314404041,0.9419763]},{"Location":{"X":85.1612244,"Y":346.588226,"Z":3322.30664},"Vector":{"X":0.525074363,"Y":0.3639367,"Z":3322.30664},"JointType":3,"OrientationMatrix":[0.9927069,0.01190655,0.1199636,0.0265013538,0.9492146,-0.3135113,-0.11760404,0.314404041,0.9419763]},{"Location":{"X":85.43041,"Y":132.630844,"Z":3262.40942},"Vector":{"X":0.525615454,"Y":0.446975917,"Z":3262.40942},"JointType":4,"OrientationMatrix":[0.997990131,-0.00213866937,0.06333384,0.016467439,0.9738481,-0.22660245,-0.0611929074,0.227189943,0.971926033]},{"Location":{"X":88.05698,"Y":618.8105,"Z":3410.269},"Vector":{"X":0.525258243,"Y":0.263333917,"Z":3410.269},"JointType":5,"OrientationMatrix":[0.9927069,0.01190655,0.1199636,0.0265013538,0.9492146,-0.3135113,-0.11760404,0.314404041,0.9419763]},{"Location":{"X":266.5219,"Y":600.3944,"Z":3367.15381},"Vector":{"X":0.577428043,"Y":0.267436951,"Z":3367.15381},"JointType":6,"OrientationMatrix":[-0.0474908873,0.9967527,0.06502843,-0.9504669,-0.0250732861,-0.309813,-0.307176441,-0.07652066,0.948571146]},{"Location":{"X":272.662567,"Y":334.408966,"Z":3218.79321},"Vector":{"X":0.582863,"Y":0.364496082,"Z":3218.79321},"JointType":7,"OrientationMatrix":[-0.06557868,0.9967527,0.0467281267,-0.804215848,-0.0250732861,-0.593808234,-0.5907083,-0.07652066,0.8032486]},{"Location":{"X":158.730774,"Y":102.353271,"Z":3097.5437},"Vector":{"X":0.550127,"Y":0.456902564,"Z":3097.5437},"JointType":8,"OrientationMatrix":[-0.0713776052,0.9967527,0.037273556,-0.714990556,-0.0250732861,-0.6986844,-0.695480943,-0.07652066,0.7144584]},{"Location":{"X":113.3629,"Y":9.948219,"Z":3049.262},"Vector":{"X":0.536366761,"Y":0.495744824,"Z":3049.262},"JointType":9,"OrientationMatrix":[-0.0713776052,0.9967527,0.037273556,-0.714990556,-0.0250732861,-0.6986844,-0.695480943,-0.07652066,0.7144584]},{"Location":{"X":0.0,"Y":0.0,"Z":0.0},"Vector":{"X":0.0,"Y":0.0,"Z":0.0},"JointType":10,"OrientationMatrix":[1.0,0.0,0.0,0.0,1.0,0.0,0.0,0.0,1.0]},{"Location":{"X":88.05698,"Y":618.8105,"Z":3410.269},"Vector":{"X":0.525258243,"Y":0.263333917,"Z":3410.269},"JointType":11,"OrientationMatrix":[0.9927069,0.01190655,0.1199636,0.0265013538,0.9492146,-0.3135113,-0.11760404,0.314404041,0.9419763]},{"Location":{"X":-96.81708,"Y":597.3996,"Z":3400.5105},"Vector":{"X":0.472149283,"Y":0.2708669,"Z":3400.5105},"JointType":12,"OrientationMatrix":[0.8949589,-0.29185757,-0.337442935,0.438109249,0.7178426,0.54107517,0.084314,-0.6320769,0.7703051]},{"Location":{"X":-366.952423,"Y":456.622864,"Z":3402.87476},"Vector":{"X":0.39451468,"Y":0.324983627,"Z":3402.87476},"JointType":13,"OrientationMatrix":[-0.9260267,-0.29185757,-0.2393611,-0.04669249,0.7178426,-0.694637954,0.374558955,-0.6320769,-0.6783689]},{"Location":{"X":-102.406013,"Y":488.996124,"Z":3300.41064},"Vector":{"X":0.469648123,"Y":0.306756675,"Z":3300.41064},"JointType":14,"OrientationMatrix":[-0.9366533,-0.29185757,-0.1936483,-0.08071056,0.7178426,-0.6915113,0.340831816,-0.6320769,-0.695925653]},{"Location":{"X":3.06398773,"Y":501.902771,"Z":3259.56},"Vector":{"X":0.5009195,"Y":0.299170464,"Z":3259.56},"JointType":15,"OrientationMatrix":[-0.9366533,-0.29185757,-0.1936483,-0.08071056,0.7178426,-0.6915113,0.340831816,-0.6320769,-0.695925653]},{"Location":{"X":0.0,"Y":0.0,"Z":0.0},"Vector":{"X":0.0,"Y":0.0,"Z":0.0},"JointType":16,"OrientationMatrix":[1.0,0.0,0.0,0.0,1.0,0.0,0.0,0.0,1.0]},{"Location":{"X":200.787872,"Y":66.64346,"Z":3253.7334},"Vector":{"X":0.560364842,"Y":0.473285764,"Z":3253.7334},"JointType":17,"OrientationMatrix":[0.8694315,-0.11516916,0.480442464,0.303486347,0.8918483,-0.335414052,-0.389852434,0.437427253,0.8103533]},{"Location":{"X":254.2679,"Y":-333.286926,"Z":3062.37842},"Vector":{"X":0.5812196,"Y":0.641947031,"Z":3062.37842},"JointType":18,"OrientationMatrix":[0.8694315,-0.15660423,0.46857658,0.303486347,0.917687833,-0.256408,-0.389852434,0.365135759,0.845393956]},{"Location":{"X":340.138184,"Y":-736.0183,"Z":2884.32813},"Vector":{"X":0.6153557,"Y":0.8328212,"Z":2884.32813},"JointType":19,"OrientationMatrix":[0.8694315,-0.15660423,0.46857658,0.303486347,0.917687833,-0.256408,-0.389852434,0.365135759,0.845393956]},{"Location":{"X":0.0,"Y":0.0,"Z":0.0},"Vector":{"X":0.0,"Y":0.0,"Z":0.0},"JointType":20,"OrientationMatrix":[1.0,0.0,0.0,0.0,1.0,0.0,0.0,0.0,1.0]},{"Location":{"X":-28.0366745,"Y":63.6586533,"Z":3268.49438},"Vector":{"X":0.491609156,"Y":0.474597484,"Z":3268.49438},"JointType":21,"OrientationMatrix":[0.9874493,0.1578771,-0.00432690652,-0.144843534,0.894328535,-0.4233165,-0.06296231,0.4186303,0.9059715]},{"Location":{"X":-96.85441,"Y":-332.683472,"Z":3074.59155},"Vector":{"X":0.4691851,"Y":0.6411272,"Z":3074.59155},"JointType":22,"OrientationMatrix":[0.9874493,0.157232359,0.0148958378,-0.144843534,0.939152837,-0.311467946,-0.06296231,0.305401236,0.9501399]},{"Location":{"X":-189.910522,"Y":-750.153,"Z":2939.21143},"Vector":{"X":0.4367957,"Y":0.832878768,"Z":2939.21143},"JointType":23,"OrientationMatrix":[0.9874493,0.157232359,0.0148958378,-0.144843534,0.939152837,-0.311467946,-0.06296231,0.305401236,0.9501399]},{"Location":{"X":0.0,"Y":0.0,"Z":0.0},"Vector":{"X":0.0,"Y":0.0,"Z":0.0},"JointType":24,"OrientationMatrix":[1.0,0.0,0.0,0.0,1.0,0.0,0.0,0.0,1.0]}]}},{"Ticks":"1543293022949","Skeleton":{"Joints":[{"Location":{"X":0.0,"Y":0.0,"Z":0.0},"Vector":{"X":0.0,"Y":0.0,"Z":0.0},"JointType":0,"OrientationMatrix":[1.0,0.0,0.0,0.0,1.0,0.0,0.0,0.0,1.0]},{"Location":{"X":78.43443,"Y":827.1091,"Z":3508.40674},"Vector":{"X":0.5218688,"Y":0.192517892,"Z":3508.40674},"JointType":1,"OrientationMatrix":[0.9996002,-0.02787639,0.00473599462,0.0279649869,0.949878,-0.3113676,0.004181187,0.311375529,0.950277746]},{"Location":{"X":86.88968,"Y":712.319458,"Z":3438.63867},"Vector":{"X":0.5247178,"Y":0.229818717,"Z":3438.63867},"JointType":2,"OrientationMatrix":[0.9996002,-0.02787639,0.00473599462,0.0279649869,0.949878,-0.3113676,0.004181187,0.311375529,0.950277746]},{"Location":{"X":85.03218,"Y":352.4429,"Z":3320.43677},"Vector":{"X":0.5250505,"Y":0.3615603,"Z":3320.43677},"JointType":3,"OrientationMatrix":[0.9996002,-0.02787639,0.00473599462,0.0279649869,0.949878,-0.3113676,0.004181187,0.311375529,0.950277746]},{"Location":{"X":85.42162,"Y":137.5929,"Z":3263.78687},"Vector":{"X":0.525602,"Y":0.445015371,"Z":3263.78687},"JointType":4,"OrientationMatrix":[0.997520149,-0.00420825835,0.0702557862,0.0187987741,0.977876067,-0.208338737,-0.06782471,0.2091428,0.975530148]},{"Location":{"X":86.43971,"Y":625.1419,"Z":3410.00513},"Vector":{"X":0.5247963,"Y":0.260893941,"Z":3410.00513},"JointType":5,"OrientationMatrix":[0.9996002,-0.02787639,0.00473599462,0.0279649869,0.949878,-0.3113676,0.004181187,0.311375529,0.950277746]},{"Location":{"X":266.916016,"Y":598.8244,"Z":3380.11719},"Vector":{"X":0.5772451,"Y":0.2689347,"Z":3380.11719},"JointType":6,"OrientationMatrix":[-0.008321644,0.9986844,-0.0505987331,-0.9511765,-0.0235180575,-0.3077501,-0.308535218,0.04556734,0.950120866]},{"Location":{"X":266.916016,"Y":294.186462,"Z":3380.11719},"Vector":{"X":0.5772451,"Y":0.386483759,"Z":3380.11719},"JointType":7,"OrientationMatrix":[0.008063909,0.9986844,-0.05064045,-0.805539966,-0.0235180575,-0.5920745,-0.59248656,0.04556734,0.8042906]},{"Location":{"X":266.916016,"Y":11.31665,"Z":3380.11719},"Vector":{"X":0.5772451,"Y":0.4956333,"Z":3380.11719},"JointType":8,"OrientationMatrix":[0.0149460277,0.9986844,-0.0490519926,-0.7165404,-0.0235180575,-0.697149038,-0.6973855,0.04556734,0.7152462]},{"Location":{"X":266.916016,"Y":-102.39003,"Z":3380.11719},"Vector":{"X":0.5772451,"Y":0.5395087,"Z":3380.11719},"JointType":9,"OrientationMatrix":[0.0149460277,0.9986844,-0.0490519926,-0.7165404,-0.0235180575,-0.697149038,-0.6973855,0.04556734,0.7152462]},{"Location":{"X":0.0,"Y":0.0,"Z":0.0},"Vector":{"X":0.0,"Y":0.0,"Z":0.0},"JointType":10,"OrientationMatrix":[1.0,0.0,0.0,0.0,1.0,0.0,0.0,0.0,1.0]},{"Location":{"X":86.43971,"Y":625.1419,"Z":3410.00513},"Vector":{"X":0.5247963,"Y":0.260893941,"Z":3410.00513},"JointType":11,"OrientationMatrix":[0.9996002,-0.02787639,0.00473599462,0.0279649869,0.949878,-0.3113676,0.004181187,0.311375529,0.950277746]},{"Location":{"X":-97.60379,"Y":599.188232,"Z":3395.29272},"Vector":{"X":0.47187987,"Y":0.2698277,"Z":3395.29272},"JointType":12,"OrientationMatrix":[0.839974046,0.004421247,-0.542608559,0.4954156,0.401707679,0.7701911,0.221375242,-0.9157573,0.335233659]},{"Location":{"X":-362.922668,"Y":456.279236,"Z":3350.71484},"Vector":{"X":0.394049048,"Y":0.322392941,"Z":3350.71484},"JointType":13,"OrientationMatrix":[-0.921435952,0.004421247,0.3885052,-0.354146868,0.401707679,-0.8445182,-0.159799337,-0.9157573,-0.368582129]},{"Location":{"X":-367.842163,"Y":537.770142,"Z":3079.88184},"Vector":{"X":0.383169621,"Y":0.272265077,"Z":3079.88184},"JointType":14,"OrientationMatrix":[-0.9012692,0.004421247,0.433236957,-0.3951469,0.401707679,-0.826129436,-0.177687138,-0.9157573,-0.3602997]},{"Location":{"X":-369.8212,"Y":570.552734,"Z":2970.92969},"Vector":{"X":0.378233522,"Y":0.249521509,"Z":2970.92969},"JointType":15,"OrientationMatrix":[-0.9012692,0.004421247,0.433236957,-0.3951469,0.401707679,-0.826129436,-0.177687138,-0.9157573,-0.3602997]},{"Location":{"X":0.0,"Y":0.0,"Z":0.0},"Vector":{"X":0.0,"Y":0.0,"Z":0.0},"JointType":16,"OrientationMatrix":[1.0,0.0,0.0,0.0,1.0,0.0,0.0,0.0,1.0]},{"Location":{"X":200.670563,"Y":71.5263062,"Z":3258.95386},"Vector":{"X":0.5602329,"Y":0.4713744,"Z":3258.95386},"JointType":17,"OrientationMatrix":[0.857004762,-0.112025186,0.5029843,0.30822143,0.8936691,-0.326121122,-0.412967741,0.4345179,0.8004073]},{"Location":{"X":253.815735,"Y":-328.9287,"Z":3062.96021},"Vector":{"X":0.5810598,"Y":0.6400643,"Z":3062.96021},"JointType":18,"OrientationMatrix":[0.857004762,-0.155436859,0.4913066,0.30822143,0.9186918,-0.246991739,-0.412967741,0.363104343,0.835232258]},{"Location":{"X":338.0524,"Y":-732.0191,"Z":2886.70337},"Vector":{"X":0.614554,"Y":0.8307404,"Z":2886.70337},"JointType":19,"OrientationMatrix":[0.857004762,-0.155436859,0.4913066,0.30822143,0.9186918,-0.246991739,-0.412967741,0.3631