[{"Ticks":"1543294536890","Skeleton":{"Joints":[{"Location":{"X":0.0,"Y":0.0,"Z":0.0},"Vector":{"X":0.0,"Y":0.0,"Z":0.0},"JointType":0,"OrientationMatrix":[1.0,0.0,0.0,0.0,1.0,0.0,0.0,0.0,1.0]},{"Location":{"X":-90.84757,"Y":779.153748,"Z":3005.26831},"Vector":{"X":0.4704295,"Y":0.161851913,"Z":3005.26831},"JointType":1,"OrientationMatrix":[0.982714653,0.123345144,-0.138050377,-0.0620272458,0.921983,0.3822303,0.174426362,-0.367060453,0.913696945]},{"Location":{"X":-102.946564,"Y":661.348267,"Z":3068.81641},"Vector":{"X":0.467185259,"Y":0.218922347,"Z":3068.81641},"JointType":2,"OrientationMatrix":[0.982714653,0.123345144,-0.138050377,-0.0620272458,0.921983,0.3822303,0.174426362,-0.367060453,0.913696945]},{"Location":{"X":-150.656326,"Y":309.330078,"Z":3203.39941},"Vector":{"X":0.453995049,"Y":0.374055833,"Z":3203.39941},"JointType":3,"OrientationMatrix":[0.982714653,0.123345144,-0.138050377,-0.0620272458,0.921983,0.3822303,0.174426362,-0.367060453,0.913696945]},{"Location":{"X":-156.646164,"Y":88.63663,"Z":3211.40723},"Vector":{"X":0.45228523,"Y":0.464001477,"Z":3211.40723},"JointType":4,"OrientationMatrix":[0.9984657,0.0247816853,0.0495187,-0.0314333737,0.989874661,0.13842009,-0.04558702,-0.139764249,0.989134848]},{"Location":{"X":-114.405212,"Y":576.8026,"Z":3101.13965},"Vector":{"X":0.4639128,"Y":0.25741,"Z":3101.13965},"JointType":5,"OrientationMatrix":[0.982714653,0.123345144,-0.138050377,-0.0620272458,0.921983,0.3822303,0.174426362,-0.367060453,0.913696945]},{"Location":{"X":45.493515,"Y":558.190857,"Z":3132.432},"Vector":{"X":0.514206767,"Y":0.2675829,"Z":3132.432},"JointType":6,"OrientationMatrix":[0.569782555,0.424054563,-0.7039358,-0.7950392,0.501236856,-0.341576129,0.207991645,0.7542807,0.622736037]},{"Location":{"X":227.467026,"Y":314.7866,"Z":3191.8252},"Vector":{"X":0.569712043,"Y":0.371369451,"Z":3191.8252},"JointType":7,"OrientationMatrix":[0.573922,0.424054563,0.700565,0.4955444,0.501236856,-0.709364057,-0.651958048,0.7542807,0.0775329843]},{"Location":{"X":380.7344,"Y":454.982147,"Z":3011.15},"Vector":{"X":0.623685241,"Y":0.302926153,"Z":3011.15},"JointType":8,"OrientationMatrix":[0.565793753,0.424054563,0.7071458,0.503702939,0.501236856,-0.7035943,-0.6528099,0.7542807,0.06999914]},{"Location":{"X":411.387878,"Y":483.021271,"Z":2975.015},"Vector":{"X":0.635266662,"Y":0.2882399,"Z":2975.015},"JointType":9,"OrientationMatrix":[0.565793753,0.424054563,0.7071458,0.503702939,0.501236856,-0.7035943,-0.6528099,0.7542807,0.06999914]},{"Location":{"X":0.0,"Y":0.0,"Z":0.0},"Vector":{"X":0.0,"Y":0.0,"Z":0.0},"JointType":10,"OrientationMatrix":[1.0,0.0,0.0,0.0,1.0,0.0,0.0,0.0,1.0]},{"Location":{"X":-114.405212,"Y":576.8026,"Z":3101.13965},"Vector":{"X":0.4639128,"Y":0.25741,"Z":3101.13965},"JointType":11,"OrientationMatrix":[0.982714653,0.123345144,-0.138050377,-0.0620272458,0.921983,0.3822303,0.174426362,-0.367060453,0.913696945]},{"Location":{"X":-276.246277,"Y":579.7969,"Z":3075.09326},"Vector":{"X":0.412124783,"Y":0.254085243,"Z":3075.09326},"JointType":12,"OrientationMatrix":[0.832063138,-0.385573357,0.398753166,0.5425929,0.7150477,-0.440794438,-0.115168951,0.5831294,0.804174244]},{"Location":{"X":-535.5893,"Y":412.672424,"Z":3101.51636},"Vector":{"X":0.331078053,"Y":0.326460481,"Z":3101.51636},"JointType":13,"OrientationMatrix":[0.315687627,-0.385573357,-0.866991639,-0.491619736,0.7150477,-0.497007817,0.8115734,0.5831294,0.0361762457]},{"Location":{"X":-621.403137,"Y":553.475342,"Z":2881.06274},"Vector":{"X":0.289016247,"Y":0.249439523,"Z":2881.06274},"JointType":14,"OrientationMatrix":[0.304794341,-0.385573357,-0.870880961,-0.497811526,0.7150477,-0.4908059,0.811963141,0.5831294,0.025999628]},{"Location":{"X":-638.5659,"Y":581.6359,"Z":2836.972},"Vector":{"X":0.279819429,"Y":0.232598886,"Z":2836.972},"JointType":15,"OrientationMatrix":[0.304794341,-0.385573357,-0.870880961,-0.497811526,0.7150477,-0.4908059,0.811963141,0.5831294,0.025999628]},{"Location":{"X":0.0,"Y":0.0,"Z":0.0},"Vector":{"X":0.0,"Y":0.0,"Z":0.0},"JointType":16,"OrientationMatrix":[1.0,0.0,0.0,0.0,1.0,0.0,0.0,0.0,1.0]},{"Location":{"X":-41.4366379,"Y":80.42254,"Z":3245.29883},"Vector":{"X":0.487510115,"Y":0.4676786,"Z":3245.29883},"JointType":17,"OrientationMatrix":[0.9968313,-0.07954347,0.000483818032,0.07881762,0.9868778,-0.140925363,0.0107322233,0.140516937,0.9900201]},{"Location":{"X":-1.04431415,"Y":-360.478729,"Z":3166.27856},"Vector":{"X":0.49967736,"Y":0.648490131,"Z":3166.27856},"JointType":18,"OrientationMatrix":[0.9968313,-0.0573346466,-0.0551374331,0.07881762,0.805450857,0.587398231,0.0107322233,-0.589882731,0.8074176]},{"Location":{"X":-1.04431415,"Y":-792.9519,"Z":3166.27856},"Vector":{"X":0.49967736,"Y":0.8266365,"Z":3166.27856},"JointType":19,"OrientationMatrix":[0.9968313,-0.0573346466,-0.0551374331,0.07881762,0.805450857,0.587398231,0.0107322233,-0.589882731,0.8074176]},{"Location":{"X":0.0,"Y":0.0,"Z":0.0},"Vector":{"X":0.0,"Y":0.0,"Z":0.0},"JointType":20,"OrientationMatrix":[1.0,0.0,0.0,0.0,1.0,0.0,0.0,0.0,1.0]},{"Location":{"X":-271.5914,"Y":89.32817,"Z":3249.93677},"Vector":{"X":0.418253481,"Y":0.464150727,"Z":3249.93677},"JointType":21,"OrientationMatrix":[0.9409046,0.195018619,-0.2768866,-0.2561751,0.944594562,-0.205220535,0.221523747,0.2640244,0.9387323]},{"Location":{"X":-373.600342,"Y":-329.8899,"Z":3122.97168},"Vector":{"X":0.382978022,"Y":0.6377742,"Z":3122.97168},"JointType":22,"OrientationMatrix":[0.9409046,0.2801204,-0.190344453,-0.2561751,0.956290245,0.14100793,0.221523747,-0.08391351,0.9715378]},{"Location":{"X":-480.772217,"Y":-747.362366,"Z":3158.52441},"Vector":{"X":0.351103872,"Y":0.8086128,"Z":3158.52441},"JointType":23,"OrientationMatrix":[0.9409046,0.2801204,-0.190344453,-0.2561751,0.956290245,0.14100793,0.221523747,-0.08391351,0.9715378]},{"Location":{"X":0.0,"Y":0.0,"Z":0.0},"Vector":{"X":0.0,"Y":0.0,"Z":0.0},"JointType":24,"OrientationMatrix":[1.0,0.0,0.0,0.0,1.0,0.0,0.0,0.0,1.0]}]}},{"Ticks":"1543294536939","Skeleton":{"Joints":[{"Location":{"X":0.0,"Y":0.0,"Z":0.0},"Vector":{"X":0.0,"Y":0.0,"Z":0.0},"JointType":0,"OrientationMatrix":[1.0,0.0,0.0,0.0,1.0,0.0,0.0,0.0,1.0]},{"Location":{"X":-90.78516,"Y":775.237366,"Z":3001.20117},"Vector":{"X":0.470409781,"Y":0.163095668,"Z":3001.20117},"JointType":1,"OrientationMatrix":[0.9822275,0.124952011,-0.140057489,-0.05921102,0.9143769,0.400510818,0.178109974,-0.3850998,0.905524731]},{"Location":{"X":-103.342636,"Y":659.015137,"Z":3065.29688},"Vector":{"X":0.467021167,"Y":0.219592348,"Z":3065.29688},"JointType":2,"OrientationMatrix":[0.9822275,0.124952011,-0.140057489,-0.05921102,0.9143769,0.400510818,0.178109974,-0.3850998,0.905524731]},{"Location":{"X":-151.882462,"Y":312.402557,"Z":3205.76147},"Vector":{"X":0.453654826,"Y":0.372898579,"Z":3205.76147},"JointType":3,"OrientationMatrix":[0.9822275,0.124952011,-0.140057489,-0.05921102,0.9143769,0.400510818,0.178109974,-0.3850998,0.905524731]},{"Location":{"X":-157.59993,"Y":91.83244,"Z":3214.041},"Vector":{"X":0.4520341,"Y":0.4627341,"Z":3214.041},"JointType":4,"OrientationMatrix":[0.9991547,0.0257734172,0.0320248231,-0.03019512,0.9887786,0.146305025,-0.02789468,-0.147148356,0.988721]},{"Location":{"X":-115.0791,"Y":575.2075,"Z":3099.25977},"Vector":{"X":0.463678271,"Y":0.257934123,"Z":3099.25977},"JointType":5,"OrientationMatrix":[0.9822275,0.124952011,-0.140057489,-0.05921102,0.9143769,0.400510818,0.178109974,-0.3850998,0.905524731]},{"Location":{"X":43.8705139,"Y":554.04126,"Z":3131.63062},"Vector":{"X":0.513703465,"Y":0.269251674,"Z":3131.63062},"JointType":6,"OrientationMatrix":[0.594328046,0.4223576,-0.684388936,-0.7756708,0.5257856,-0.349119246,0.212388709,0.7383519,0.6400996]},{"Location":{"X":234.115692,"Y":319.217041,"Z":3191.745},"Vector":{"X":0.5717515,"Y":0.369555771,"Z":3191.745},"JointType":7,"OrientationMatrix":[0.5641472,0.4223576,0.7094731,0.485095,0.5257856,-0.69873625,-0.6681473,0.7383519,0.09173693]},{"Location":{"X":382.950745,"Y":458.15097,"Z":3006.31226},"Vector":{"X":0.6246055,"Y":0.301234245,"Z":3006.31226},"JointType":8,"OrientationMatrix":[0.5566492,0.4223576,0.715371,0.492421836,0.5257856,-0.69359225,-0.6690758,0.7383519,0.08470007]},{"Location":{"X":412.717743,"Y":485.937744,"Z":2969.22559},"Vector":{"X":0.6359685,"Y":0.2865459,"Z":2969.22559},"JointType":9,"OrientationMatrix":[0.5566492,0.4223576,0.715371,0.492421836,0.5257856,-0.69359225,-0.6690758,0.7383519,0.08470007]},{"Location":{"X":0.0,"Y":0.0,"Z":0.0},"Vector":{"X":0.0,"Y":0.0,"Z":0.0},"JointType":10,"OrientationMatrix":[1.0,0.0,0.0,0.0,1.0,0.0,0.0,0.0,1.0]},{"Location":{"X":-115.0791,"Y":575.2075,"Z":3099.25977},"Vector":{"X":0.463678271,"Y":0.257934123,"Z":3099.25977},"JointType":11,"OrientationMatrix":[0.9822275,0.124952011,-0.140057489,-0.05921102,0.9143769,0.400510818,0.178109974,-0.3850998,0.905524731]},{"Location":{"X":-274.0486,"Y":570.3637,"Z":3074.87573},"Vector":{"X":0.412817717,"Y":0.2580691,"Z":3074.87573},"JointType":12,"OrientationMatrix":[0.8387556,-0.378648669,0.391298175,0.5326209,0.7198728,-0.445082277,-0.113155074,0.5817288,0.805473447]},{"Location":{"X":-538.066345,"Y":413.464447,"Z":3099.91},"Vector":{"X":0.330208838,"Y":0.326037318,"Z":3099.91},"JointType":13,"OrientationMatrix":[0.33395353,-0.378648669,-0.8631919,-0.4799239,0.7198728,-0.5014542,0.811263263,0.5817288,0.0586814955]},{"Location":{"X":-625.023438,"Y":552.0637,"Z":2878.39551},"Vector":{"X":0.2875904,"Y":0.24984698,"Z":2878.39551},"JointType":14,"OrientationMatrix":[0.3252207,-0.378648669,-0.866519868,-0.484962732,0.7198728,-0.496582717,0.8118144,0.5817288,0.0504870266]},{"Location":{"X":-642.414856,"Y":579.783569,"Z":2834.09253},"Vector":{"X":0.278267264,"Y":0.233179674,"Z":2834.09253},"JointType":15,"OrientationMatrix":[0.3252207,-0.378648669,-0.866519868,-0.484962732,0.7198728,-0.496582717,0.8118144,0.5817288,0.0504870266]},{"Location":{"X":0.0,"Y":0.0,"Z":0.0},"Vector":{"X":0.0,"Y":0.0,"Z":0.0},"JointType":16,"OrientationMatrix":[1.0,0.0,0.0,0.0,1.0,0.0,0.0,0.0,1.0]},{"Location":{"X":-43.55121,"Y":86.29104,"Z":3251.44165},"Vector":{"X":0.486897558,"Y":0.4653856,"Z":3251.44165},"JointType":17,"OrientationMatrix":[0.9933453,-0.115053937,-0.005263577,0.112937763,0.9820008,-0.1513918,0.02258706,0.149789885,0.9884598]},{"Location":{"X":12.9591074,"Y":-350.507843,"Z":3168.99878},"Vector":{"X":0.5040002,"Y":0.6442589,"Z":3168.99878},"JointType":18,"OrientationMatrix":[0.9933453,-0.07877081,-0.0840254351,0.112937763,0.8092569,0.5764966,0.02258706,-0.5821498,0.812767744]},{"Location":{"X":12.9591074,"Y":-781.4053,"Z":3168.99878},"Vector":{"X":0.5040002,"Y":0.8216039,"Z":3168.99878},"JointType":19,"OrientationMatrix":[0.9933453,-0.07877081,-0.0840254351,0.112937763,0.8092569,0.5764966,0.02258706,-0.5821498,0.812767744]},{"Location":{"X":0.0,"Y":0.0,"Z":0.0},"Vector":{"X":0.0,"Y":0.0,"Z":0.0},"JointType":20,"OrientationMatrix":[1.0,0.0,0.0,0.0,1.0,0.0,0.0,0.0,1.0]},{"Location":{"X":-274.7308,"Y":100.766891,"Z":3251.18213},"Vector":{"X":0.4173402,"Y":0.4595756,"Z":3251.18213},"JointType":21,"OrientationMatrix":[0.939156532,0.185777143,-0.2889149,-0.2530808,0.942945242,-0.216343313,0.232239276,0.276299059,0.9325898]},{"Location":{"X":-369.838,"Y":-315.946747,"Z":3116.69116},"Vector":{"X":0.383923024,"Y":0.632217,"Z":3116.69116},"JointType":22,"OrientationMatrix":[0.939156532,0.284871072,-0.191920385,-0.2530808,0.951649368,0.174108133,0.232239276,-0.11494343,0.965843141]},{"Location":{"X":-479.9652,"Y":-729.197449,"Z":3169.30713},"Vector":{"X":0.35185954,"Y":0.8000874,"Z":3169.30713},"JointType":23,"OrientationMatrix":[0.939156532,0.284871072,-0.191920385,-0.2530808,0.951649368,0.174108133,0.232239276,-0.11494343,0.965843141]},{"Location":{"X":0.0,"Y":0.0,"Z":0.0},"Vector":{"X":0.0,"Y":0.0,"Z":0.0},"JointType":24,"OrientationMatrix":[1.0,0.0,0.0,0.0,1.0,0.0,0.0,0.0,1.0]}]}},{"Ticks":"1543294536978","Skeleton":{"Joints":[{"Location":{"X":0.0,"Y":0.0,"Z":0.0},"Vector":{"X":0.0,"Y":0.0,"Z":0.0},"JointType":0,"OrientationMatrix":[1.0,0.0,0.0,0.0,1.0,0.0,0.0,0.0,1.0]},{"Location":{"X":-92.77939,"Y":771.7563,"Z":3000.28369},"Vector":{"X":0.469750553,"Y":0.164505914,"Z":3000.28369},"JointType":1,"OrientationMatrix":[0.9816302,0.131659269,-0.1380867,-0.0651769042,0.9116124,0.405850768,0.179315567,-0.3893953,0.9034474]},{"Location":{"X":-103.821732,"Y":656.0142,"Z":3061.65},"Vector":{"X":0.466828823,"Y":0.220536724,"Z":3061.65},"JointType":2,"OrientationMatrix":[0.9816302,0.131659269,-0.1380867,-0.0651769042,0.9116124,0.405850768,0.179315567,-0.3893953,0.9034474]},{"Location":{"X":-154.234314,"Y":313.159576,"Z":3204.01831},"Vector":{"X":0.452911556,"Y":0.372521281,"Z":3204.01831},"JointType":3,"OrientationMatrix":[0.9816302,0.131659269,-0.1380867,-0.0651769042,0.9116124,0.405850768,0.179315567,-0.3893953,0.9034474]},{"Location":{"X":-162.369125,"Y":93.01021,"Z":3216.816},"Vector":{"X":0.450625181,"Y":0.4622887,"Z":3216.816},"JointType":4,"OrientationMatrix":[0.999769,0.0163946953,-0.013901175,-0.0140926829,0.9882787,0.152008832,0.0162303727,-0.1517778,0.988281369]},{"Location":{"X":-116.084641,"Y":572.6145,"Z":3096.28125},"Vector":{"X":0.463325649,"Y":0.258793533,"Z":3096.28125},"JointType":5,"OrientationMatrix":[0.9816302,0.131659269,-0.1380867,-0.0651769042,0.9116124,0.405850768,0.179315567,-0.3893953,0.9034474]},{"Location":{"X":37.63588,"Y":543.928955,"Z":3131.575},"Vector":{"X":0.511756241,"Y":0.273459226,"Z":3131.575},"JointType":6,"OrientationMatrix":[0.580370963,0.419225365,-0.698154449,-0.783258855,0.5220019,-0.3376678,0.222879067,0.7428083,0.6313167]},{"Location":{"X":229.714447,"Y":307.9623,"Z":3193.732},"Vector":{"X":0.570358753,"Y":0.3742332,"Z":3193.732},"JointType":7,"OrientationMatrix":[0.5607,0.419225365,0.714048743,0.494631052,0.5220019,-0.694877,-0.664044857,0.7428083,0.08532459]},{"Location":{"X":375.2887,"Y":452.725,"Z":3010.129},"Vector":{"X":0.621957541,"Y":0.3038373,"Z":3010.129},"JointType":8,"OrientationMatrix":[0.5493727,0.419225365,0.722799957,0.505525,0.5220019,-0.686992347,-0.6653076,0.7428083,0.0748446956]},{"Location":{"X":404.403534,"Y":481.677551,"Z":2973.4082},"Vector":{"X":0.633042,"Y":0.2887149,"Z":2973.4082},"JointType":9,"OrientationMatrix":[0.5493727,0.419225365,0.722799957,0.505525,0.5220019,-0.686992347,-0.6653076,0.7428083,0.0748446956]},{"Location":{"X":0.0,"Y":0.0,"Z":0.0},"Vector":{"X":0.0,"Y":0.0,"Z":0.0},"JointType":10,"OrientationMatrix":[1.0,0.0,0.0,0.0,1.0,0.0,0.0,0.0,1.0]},{"Location":{"X":-116.084641,"Y":572.6145,"Z":3096.28125},"Vector":{"X":0.463325649,"Y":0.258793533,"Z":3096.28125},"JointType":11,"OrientationMatrix":[0.9816302,0.131659269,-0.1380867,-0.0651769042,0.9116124,0.405850768,0.179315567,-0.3893953,0.9034474]},{"Location":{"X":-276.515045,"Y":569.645142,"Z":3075.07715},"Vector":{"X":0.4120388,"Y":0.258389741,"Z":3075.07715},"JointType":12,"OrientationMatrix":[0.797318935,-0.389450163,0.4610977,0.5902729,0.66256,-0.461077183,-0.1259383,0.639799058,0.7581535]},{"Location":{"X":-529.409668,"Y":391.47876,"Z":3102.261},"Vector":{"X":0.333067149,"Y":0.3354125,"Z":3102.261},"JointType":13,"OrientationMatrix":[0.390072584,-0.389450163,-0.8343692,-0.5106236,0.66256,-0.5479761,0.766229033,0.639799058,0.0595840365]},{"Location":{"X":-631.5914,"Y":538.8908,"Z":2893.24731},"Vector":{"X":0.286460161,"Y":0.2570694,"Z":2893.24731},"JointType":14,"OrientationMatrix":[0.3782181,-0.389450163,-0.8398093,-0.5183322,0.66256,-0.5406903,0.766995966,0.639799058,0.04872763]},{"Location":{"X":-652.0277,"Y":568.3732,"Z":2851.44458},"Vector":{"X":0.276318848,"Y":0.240022555,"Z":2851.44458},"JointType":15,"OrientationMatrix":[0.3782181,-0.389450163,-0.8398093,-0.5183322,0.66256,-0.5406903,0.766995966,0.639799058,0.04872763]},{"Location":{"X":0.0,"Y":0.0,"Z":0.0},"Vector":{"X":0.0,"Y":0.0,"Z":0.0},"JointType":16,"OrientationMatrix":[1.0,0.0,0.0,0.0,1.0,0.0,0.0,0.0,1.0]},{"Location":{"X":-48.2177429,"Y":84.5918655,"Z":3254.582},"Vector":{"X":0.485507637,"Y":0.466099948,"Z":3254.582},"JointType":17,"OrientationMatrix":[0.991336167,-0.12644,-0.0355742946,0.118211046,0.976902246,-0.178011551,0.0572603866,0.17226401,0.983385146]},{"Location":{"X":18.044981,"Y":-348.139832,"Z":3163.85474},"Vector":{"X":0.5055791,"Y":0.6435173,"Z":3163.85474},"JointType":18,"OrientationMatrix":[0.991336167,-0.102881022,-0.08165842,0.118211046,0.969830453,0.213201985,0.0572603866,-0.221007764,0.973589659]},{"Location":{"X":62.4301376,"Y":-764.9736,"Z":3257.73853},"Vector":{"X":0.5187459,"Y":0.8062649,"Z":3257.73853},"JointType":19,"OrientationMatrix":[0.991336167,-0.102881022,-0.08165842,0.118211046,0.969830453,0.213201985,0.0572603866,-0.221007764,0.973589659]},{"Location":{"X":0.0,"Y":0.0,"Z":0.0},"Vector":{"X":0.0,"Y":0.0,"Z":0.0},"JointType":20,"OrientationMatrix":[1.0,0.0,0.0,0.0,1.0,0.0,0.0,0.0,1.0]},{"Location":{"X":-269.313782,"Y":76.87558,"Z":3255.76636},"Vector":{"X":0.419084162,"Y":0.469203442,"Z":3255.76636},"JointType":21,"OrientationMatrix":[0.9310888,0.194618315,-0.308540642,-0.26158613,0.945714533,-0.192864612,0.254256368,0.260284036,0.931453645]},{"Location":{"X":-365.8354,"Y":-334.967682,"Z":3111.0332},"Vector":{"X":0.3849705,"Y":0.6404317,"Z":3111.0332},"JointType":22,"OrientationMatrix":[0.9310888,0.301457,-0.205419824,-0.26158613,0.9442303,0.2000045,0.254256368,-0.132486984,0.958019257]},{"Location":{"X":-490.740662,"Y":-740.4796,"Z":3178.06567},"Vector":{"X":0.348951161,"Y":0.8038906,"Z":3178.06567},"JointType":23,"OrientationMatrix":[0.9310888,0.301457,-0.205419824,-0.26158613,0.9442303,0.2000045,0.254256368,-0.132486984,0.958019257]},{"Location":{"X":0.0,"Y":0.0,"Z":0.0},"Vector":{"X":0.0,"Y":0.0,"Z":0.0},"JointType":24,"OrientationMatrix":[1.0,0.0,0.0,0.0,1.0,0.0,0.0,0.0,1.0]}]}},{"Ticks":"1543294537019","Skeleton":{"Joints":[{"Location":{"X":0.0,"Y":0.0,"Z":0.0},"Vector":{"X":0.0,"Y":0.0,"Z":0.0},"JointType":0,"OrientationMatrix":[1.0,0.0,0.0,0.0,1.0,0.0,0.0,0.0,1.0]},{"Location":{"X":-98.0817947,"Y":750.3218,"Z":3004.18823},"Vector":{"X":0.468063354,"Y":0.174247757,"Z":3004.18823},"JointType":1,"OrientationMatrix":[0.985195339,0.124905422,-0.117425755,-0.0653351247,0.90682,0.416423768,0.158497617,-0.402586728,0.901555538]},{"Location":{"X":-105.161179,"Y":632.8557,"Z":3059.14355},"Vector":{"X":0.466373354,"Y":0.230181411,"Z":3059.14355},"JointType":2,"OrientationMatrix":[0.985195339,0.124905422,-0.117425755,-0.0653351247,0.90682,0.416423768,0.158497617,-0.402586728,0.901555538]},{"Location":{"X":-154.602127,"Y":295.2213,"Z":3209.03955},"Vector":{"X":0.452873141,"Y":0.3800115,"Z":3209.03955},"JointType":3,"OrientationMatrix":[0.985195339,0.124905422,-0.117425755,-0.0653351247,0.90682,0.416423768,0.158497617,-0.402586728,0.901555538]},{"Location":{"X":-167.41864,"Y":76.10448,"Z":3228.94},"Vector":{"X":0.449280828,"Y":0.469259053,"Z":3228.94},"JointType":4,"OrientationMatrix":[0.9981492,0.0407191552,0.04516744,-0.0496943481,0.974261,0.219877258,-0.03505166,-0.221714869,0.974481344]},{"Location":{"X":-117.234962,"Y":550.4033,"Z":3095.749},"Vector":{"X":0.462955862,"Y":0.268109828,"Z":3095.749},"JointType":5,"OrientationMatrix":[0.985195339,0.124905422,-0.117425755,-0.0653351247,0.90682,0.416423768,0.158497617,-0.402586728,0.901555538]},{"Location":{"X":37.67737,"Y":520.285645,"Z":3131.03687},"Vector":{"X":0.5117712,"Y":0.2832692,"Z":3131.03687},"JointType":6,"OrientationMatrix":[0.66700846,0.390796274,-0.6343327,-0.7171868,0.5674371,-0.404546946,0.201848492,0.724771261,0.658759236]},{"Location":{"X":257.6927,"Y":309.215271,"Z":3185.87085},"Vector":{"X":0.5791229,"Y":0.373409867,"Z":3185.87085},"JointType":7,"OrientationMatrix":[0.488363981,0.390796274,0.78024286,0.5396123,0.5674371,-0.621959567,-0.6857982,0.724771261,0.06623738]},{"Location":{"X":381.0771,"Y":465.6,"Z":2995.7666},"Vector":{"X":0.6244323,"Y":0.297291458,"Z":2995.7666},"JointType":8,"OrientationMatrix":[0.471894681,0.390796274,0.7903124,0.5525363,0.5674371,-0.610507,-0.687036455,0.724771261,0.05184144]},{"Location":{"X":405.753967,"Y":496.876953,"Z":2957.74585},"Vector":{"X":0.634193063,"Y":0.280893624,"Z":2957.74585},"JointType":9,"OrientationMatrix":[0.471894681,0.390796274,0.7903124,0.5525363,0.5674371,-0.610507,-0.687036455,0.724771261,0.05184144]},{"Location":{"X":0.0,"Y":0.0,"Z":0.0},"Vector":{"X":0.0,"Y":0.0,"Z":0.0},"JointType":10,"OrientationMatrix":[1.0,0.0,0.0,0.0,1.0,0.0,0.0,0.0,1.0]},{"Location":{"X":-117.234962,"Y":550.4033,"Z":3095.749},"Vector":{"X":0.462955862,"Y":0.268109828,"Z":3095.749},"JointType":11,"OrientationMatrix":[0.985195339,0.124905422,-0.117425755,-0.0653351247,0.90682,0.416423768,0.158497617,-0.402586728,0.901555538]},{"Location":{"X":-275.739624,"Y":540.9884,"Z":3085.7312},"Vector":{"X":0.412588358,"Y":0.2713365,"Z":3085.7312},"JointType":12,"OrientationMatrix":[0.787104249,-0.3985301,0.470787257,0.602985561,0.657888949,-0.4512101,-0.129904926,0.6390273,0.7581351]},{"Location":{"X":-528.683655,"Y":363.509247,"Z":3107.74878},"Vector":{"X":0.333590448,"Y":0.347441465,"Z":3107.74878},"JointType":13,"OrientationMatrix":[0.41623953,-0.3985301,-0.817262769,-0.491123229,0.657888949,-0.570946634,0.7652076,0.6390273,0.0781120062]},{"Location":{"X":-635.5337,"Y":509.2248,"Z":2899.976},"Vector":{"X":0.285625845,"Y":0.2709754,"Z":2899.976},"JointType":14,"OrientationMatrix":[0.4033617,-0.3985301,-0.823694766,-0.5000235,0.657888949,-0.5631684,0.766339242,0.6390273,0.06609282]},{"Location":{"X":-656.9037,"Y":538.3679,"Z":2858.42163},"Vector":{"X":0.275196165,"Y":0.254348218,"Z":2858.42163},"JointType":15,"OrientationMatrix":[0.4033617,-0.3985301,-0.823694766,-0.5000235,0.657888949,-0.5631684,0.766339242,0.6390273,0.06609282]},{"Location":{"X":0.0,"Y":0.0,"Z":0.0},"Vector":{"X":0.0,"Y":0.0,"Z":0.0},"JointType":16,"OrientationMatrix":[1.0,0.0,0.0,0.0,1.0,0.0,0.0,0.0,1.0]},{"Location":{"X":-49.88288,"Y":71.54432,"Z":3270.152},"Vector":{"X":0.4850785,"Y":0.47146523,"Z":3270.152},"JointType":17,"OrientationMatrix":[0.9914166,-0.130740881,0.000214792119,0.127434209,0.965972066,-0.2250744,0.02921894,0.223169848,0.9743416]},{"Location":{"X":22.780262,"Y":-355.748718,"Z":3155.57349},"Vector":{"X":0.50706166,"Y":0.6470388,"Z":3155.57349},"JointType":18,"OrientationMatrix":[0.9914166,-0.116713785,-0.0589161739,0.127434209,0.963372,0.235955417,0.02921894,-0.241438046,0.969976246]},{"Location":{"X":66.549,"Y":-773.2817,"Z":3258.55127},"Vector":{"X":0.5199777,"Y":0.8095139,"Z":3258.55127},"JointType":19,"OrientationMatrix":[0.9914166,-0.116713785,-0.0589161739,0.127434209,0.963372,0.235955417,0.02921894,-0.241438046,0.969976246]},{"Location":{"X":0.0,"Y":0.0,"Z":0.0},"Vector":{"X":0.0,"Y":0.0,"Z":0.0},"JointType":20,"OrientationMatrix":[1.0,0.0,0.0,0.0,1.0,0.0,0.0,0.0,1.0]},{"Location":{"X":-277.249939,"Y":74.82114,"Z":3280.2915},"Vector":{"X":0.4173225,"Y":0.470250547,"Z":3280.2915},"JointType":21,"OrientationMatrix":[0.943106651,0.194592491,-0.26959905,-0.267115057,0.9262683,-0.265850842,0.19798848,0.322739661,0.9255483]},{"Location":{"X":-376.405182,"Y":-331.941864,"Z":3119.98047},"Vector":{"X":0.381986439,"Y":0.638764143,"Z":3119.98047},"JointType":22,"OrientationMatrix":[0.943106651,0.292180926,-0.158682719,-0.267115057,0.950005233,0.16167742,0.19798848,-0.1100925,0.9740022]},{"Location":{"X":-493.706848,"Y":-745.194458,"Z":3168.11},"Vector":{"X":0.3475606,"Y":0.8067866,"Z":3168.11},"JointType":23,"OrientationMatrix":[0.943106651,0.292180926,-0.158682719,-0.267115057,0.950005233,0.16167742,0.19798848,-0.1100925,0.9740022]},{"Location":{"X":0.0,"Y":0.0,"Z":0.0},"Vector":{"X":0.0,"Y":0.0,"Z":0.0},"JointType":24,"OrientationMatrix":[1.0,0.0,0.0,0.0,1.0,0.0,0.0,0.0,1.0]}]}},{"Ticks":"1543294537061","Skeleton":{"Joints":[{"Location":{"X":0.0,"Y":0.0,"Z":0.0},"Vector":{"X":0.0,"Y":0.0,"Z":0.0},"JointType":0,"OrientationMatrix":[1.0,0.0,0.0,0.0,1.0,0.0,0.0,0.0,1.0]},{"Location":{"X":-99.62485,"Y":740.112854,"Z":3005.241},"Vector":{"X":0.467572272,"Y":0.1787925,"Z":3005.241},"JointType":1,"OrientationMatrix":[0.988068,0.119063914,-0.09770087,-0.06584615,0.9000033,0.4308809,0.13923347,-0.4193064,0.8971043]},{"Location":{"X":-105.969032,"Y":621.7749,"Z":3058.48364},"Vector":{"X":0.4661077,"Y":0.234848529,"Z":3058.48364},"JointType":2,"OrientationMatrix":[0.988068,0.119063914,-0.09770087,-0.06584615,0.9000033,0.4308809,0.13923347,-0.4193064,0.8971043]},{"Location":{"X":-153.617157,"Y":287.2265,"Z":3215.26929},"Vector":{"X":0.4532641,"Y":0.383487076,"Z":3215.26929},"JointType":3,"OrientationMatrix":[0.988068,0.119063914,-0.09770087,-0.06584615,0.9000033,0.4308809,0.13923347,-0.4193064,0.8971043]},{"Location":{"X":-167.246948,"Y":68.53174,"Z":3237.47632},"Vector":{"X":0.4494664,"Y":0.47239092,"Z":3237.47632},"JointType":4,"OrientationMatrix":[0.997464359,0.0571217425,0.04244883,-0.06461964,0.9768518,0.203923434,-0.0298177581,-0.206149384,0.978066146]},{"Location":{"X":-117.60273,"Y":540.092041,"Z":3096.76416},"Vector":{"X":0.462851822,"Y":0.272528678,"Z":3096.76416},"JointType":5,"OrientationMatrix":[0.988068,0.119063914,-0.09770087,-0.06584615,0.9000033,0.4308809,0.13923347,-0.4193064,0.8971043]},{"Location":{"X":41.37092,"Y":512.3194,"Z":3127.40576},"Vector":{"X":0.512940168,"Y":0.286339819,"Z":3127.40576},"JointType":6,"OrientationMatrix":[0.6193493,0.412787676,-0.667841852,-0.7601525,0.5280726,-0.3785598,0.196404129,0.7421224,0.640843]},{"Location":{"X":243.024841,"Y":285.593781,"Z":3180.57813},"Vector":{"X":0.5747434,"Y":0.382885784,"Z":3180.57813},"JointType":7,"OrientationMatrix":[0.4885762,0.412787676,0.768699944,0.5592637,0.5280726,-0.6390332,-0.6697144,0.7421224,0.0271465071]},{"Location":{"X":367.2595,"Y":449.001251,"Z":2997.181},"Vector":{"X":0.619863868,"Y":0.3046103,"Z":2997.181},"JointType":8,"OrientationMatrix":[0.465771884,0.412787676,0.782727838,0.577804267,0.5280726,-0.6223195,-0.670222938,0.7421224,0.007450877]},{"Location":{"X":392.1064,"Y":481.682739,"Z":2960.50146},"Vector":{"X":0.6295588,"Y":0.287791461,"Z":2960.50146},"JointType":9,"OrientationMatrix":[0.465771884,0.412787676,0.782727838,0.577804267,0.5280726,-0.6223195,-0.670222938,0.7421224,0.007450877]},{"Location":{"X":0.0,"Y":0.0,"Z":0.0},"Vector":{"X":0.0,"Y":0.0,"Z":0.0},"JointType":10,"OrientationMatrix":[1.0,0.0,0.0,0.0,1.0,0.0,0.0,0.0,1.0]},{"Location":{"X":-117.60273,"Y":540.092041,"Z":3096.76416},"Vector":{"X":0.462851822,"Y":0.272528678,"Z":3096.76416},"JointType":11,"OrientationMatrix":[0.988068,0.119063914,-0.09770087,-0.06584615,0.9000033,0.4308809,0.13923347,-0.4193064,0.8971043]},{"Location":{"X":-274.82312,"Y":526.9063,"Z":3088.948},"Vector":{"X":0.4129696,"Y":0.2775206,"Z":3088.948},"JointType":12,"OrientationMatrix":[0.7798867,-0.4179578,0.465926975,0.6129075,0.660941064,-0.433014154,-0.126968622,0.6232722,0.7716287]},{"Location":{"X":-526.5134,"Y":350.832,"Z":3112.31421},"Vector":{"X":0.334516644,"Y":0.352977842,"Z":3112.31421},"JointType":13,"OrientationMatrix":[0.4188187,-0.4179578,-0.8061651,-0.4686274,0.660941064,-0.586127341,0.777804136,0.6232722,0.080948]},{"Location":{"X":-632.465149,"Y":490.490356,"Z":2900.08667},"Vector":{"X":0.286669046,"Y":0.279409677,"Z":2900.08667},"JointType":14,"OrientationMatrix":[0.403970063,-0.4179578,-0.813707232,-0.4792933,0.660941064,-0.5774382,0.779157341,0.6232722,0.06667603]},{"Location":{"X":-653.6555,"Y":518.422,"Z":2857.641},"Vector":{"X":0.276246667,"Y":0.26338473,"Z":2857.641},"JointType":15,"OrientationMatrix":[0.403970063,-0.4179578,-0.813707232,-0.4792933,0.660941064,-0.5774382,0.779157341,0.6232722,0.06667603]},{"Location":{"X":0.0,"Y":0.0,"Z":0.0},"Vector":{"X":0.0,"Y":0.0,"Z":0.0},"JointType":16,"OrientationMatrix":[1.0,0.0,0.0,0.0,1.0,0.0,0.0,0.0,1.0]},{"Location":{"X":-52.962738,"Y":49.4336128,"Z":3275.72339},"Vector":{"X":0.484184176,"Y":0.4803174,"Z":3275.72339},"JointType":17,"OrientationMatrix":[0.986829,-0.1555362,-0.0444645248,0.142484665,0.9658663,-0.216333941,0.07659455,0.207149088,0.9753064]},{"Location":{"X":29.3078632,"Y":-378.017975,"Z":3167.069},"Vector":{"X":0.5090522,"Y":0.655676067,"Z":3167.069},"JointType":18,"OrientationMatrix":[0.986829,-0.121930167,-0.106309168,0.142484665,0.9663128,0.2143306,0.07659455,-0.226655066,0.97095865]},{"Location":{"X":75.7044144,"Y":-795.1109,"Z":3262.913},"Vector":{"X":0.5226957,"Y":0.817825854,"Z":3262.913},"JointType":19,"OrientationMatrix":[0.986829,-0.121930167,-0.106309168,0.142484665,0.9663128,0.2143306,0.07659455,-0.226655066,0.97095865]},{"Location":{"X":0.0,"Y":0.0,"Z":0.0},"Vector":{"X":0.0,"Y":0.0,"Z":0.0},"JointType":20,"OrientationMatrix":[1.0,0.0,0.0,0.0,1.0,0.0,0.0,0.0,1.0]},{"Location":{"X":-273.596283,"Y":47.78411,"Z":3282.45459},"Vector":{"X":0.4184658,"Y":0.4810132,"Z":3282.45459},"JointType":21,"OrientationMatrix":[0.9542045,0.221308053,-0.201287225,-0.274763137,0.9144587,-0.2971035,0.118317463,0.3388038,0.9333879]},{"Location":{"X":-388.3117,"Y":-351.824677,"Z":3113.8064},"Vector":{"X":0.378012,"Y":0.6473675,"Z":3113.8064},"JointType":22,"OrientationMatrix":[0.9542045,0.286069065,-0.0875117,-0.274763137,0.953762233,0.121831074,0.118317463,-0.09220677,0.9886854]},{"Location":{"X":-501.5827,"Y":-764.966,"Z":3156.10474},"Vector":{"X":0.344539732,"Y":0.8161242,"Z":3156.10474},"JointType":23,"OrientationMatrix":[0.9542045,0.286069065,-0.0875117,-0.274763137,0.953762233,0.121831074,0.118317463,-0.09220677,0.9886854]},{"Location":{"X":0.0,"Y":0.0,"Z":0.0},"Vector":{"X":0.0,"Y":0.0,"Z":0.0},"JointType":24,"OrientationMatrix":[1.0,0.0,0.0,0.0,1.0,0.0,0.0,0.0,1.0]}]}},{"Ticks":"1543294537113","Skeleton":{"Joints":[{"Location":{"X":0.0,"Y":0.0,"Z":0.0},"Vector":{"X":0.0,"Y":0.0,"Z":0.0},"JointType":0,"OrientationMatrix":[1.0,0.0,0.0,0.0,1.0,0.0,0.0,0.0,1.0]},{"Location":{"X":-101.435394,"Y":732.0197,"Z":3007.74878},"Vector":{"X":0.467010438,"Y":0.1825698,"Z":3007.74878},"JointType":1,"OrientationMatrix":[0.99030894,0.11680828,-0.07512663,-0.07225413,0.895294368,0.439576328,0.118606605,-0.429888159,0.8950579]},{"Location":{"X":-109.302551,"Y":610.7628,"Z":3058.15527},"Vector":{"X":0.465037763,"Y":0.239516586,"Z":3058.15527},"JointType":2,"OrientationMatrix":[0.99030894,0.11680828,-0.07512663,-0.07225413,0.895294368,0.439576328,0.118606605,-0.429888159,0.8950579]},{"Location":{"X":-154.122223,"Y":279.3093,"Z":3220.788},"Vector":{"X":0.4531908,"Y":0.3868928,"Z":3220.788},"JointType":3,"OrientationMatrix":[0.99030894,0.11680828,-0.07512663,-0.07225413,0.895294368,0.439576328,0.118606605,-0.429888159,0.8950579]},{"Location":{"X":-167.400223,"Y":60.64943,"Z":3241.97852},"Vector":{"X":0.449490368,"Y":0.475600332,"Z":3241.97852},"JointType":4,"OrientationMatrix":[0.998162448,0.0510371737,0.03266479,-0.0569920354,0.9738407,0.219968691,-0.020583719,-0.221426114,0.9749599]},{"Location":{"X":-120.255844,"Y":529.760254,"Z":3097.90039},"Vector":{"X":0.4620277,"Y":0.276961952,"Z":3097.90039},"JointType":5,"OrientationMatrix":[0.99030894,0.11680828,-0.07512663,-0.07225413,0.895294368,0.439576328,0.118606605,-0.429888159,0.8950579]},{"Location":{"X":37.77632,"Y":500.400818,"Z":3127.49121},"Vector":{"X":0.5118155,"Y":0.2913161,"Z":3127.49121},"JointType":6,"OrientationMatrix":[0.6453535,0.4230797,-0.6360208,-0.741088,0.5486527,-0.386999756,0.1852228,0.721099,0.6676142]},{"Location":{"X":249.139,"Y":283.806946,"Z":3177.72266},"Vector":{"X":0.5766927,"Y":0.383513927,"Z":3177.72266},"JointType":7,"OrientationMatrix":[0.452867061,0.4230797,0.784802556,0.5612632,0.5486527,-0.619648159,-0.6927446,0.721099,0.0110076768]},{"Location":{"X":362.8745,"Y":445.432373,"Z":2986.2854},"Vector":{"X":0.618864834,"Y":0.305456161,"Z":2986.2854},"JointType":8,"OrientationMatrix":[0.42818138,0.4230797,0.798538864,0.5803074,0.5486527,-0.6018501,-0.69275105,0.721099,-0.0105933985]},{"Location":{"X":385.6216,"Y":477.757446,"Z":2947.998},"Vector":{"X":0.6279565,"Y":0.288628072,"Z":2947.998},"JointType":9,"OrientationMatrix":[0.42818138,0.4230797,0.798538864,0.5803074,0.5486527,-0.6018501,-0.69275105,0.721099,-0.0105933985]},{"Location":{"X":0.0,"Y":0.0,"Z":0.0},"Vector":{"X":0.0,"Y":0.0,"Z":0.0},"JointType":10,"OrientationMatrix":[1.0,0.0,0.0,0.0,1.0,0.0,0.0,0.0,1.0]},{"Location":{"X":-120.255844,"Y":529.760254,"Z":3097.90039},"Vector":{"X":0.4620277,"Y":0.276961952,"Z":3097.90039},"JointType":11,"OrientationMatrix":[0.99030894,0.11680828,-0.07512663,-0.07225413,0.895294368,0.439576328,0.118606605,-0.429888159,0.8950579]},{"Location":{"X":-284.539673,"Y":528.0795,"Z":3090.94043},"Vector":{"X":0.409950674,"Y":0.27716893,"Z":3090.94043},"JointType":12,"OrientationMatrix":[0.776450753,-0.4343608,0.456568658,0.6156104,0.67769,-0.402194,-0.134714723,0.593352258,0.79359]},{"Location":{"X":-531.1865,"Y":348.540466,"Z":3123.21021},"Vector":{"X":0.333630353,"Y":0.354447722,"Z":3123.21021},"JointType":13,"OrientationMatrix":[0.3666481,-0.4343608,-0.822739244,-0.468670666,0.67769,-0.566642761,0.8036896,0.593352258,0.04490159]},{"Location":{"X":-622.529846,"Y":482.177032,"Z":2900.714},"Vector":{"X":0.290065646,"Y":0.283195347,"Z":2900.714},"JointType":14,"OrientationMatrix":[0.345233947,-0.4343608,-0.831952035,-0.483177662,0.67769,-0.5543244,0.8045824,0.593352258,0.0240881778]},{"Location":{"X":-640.7985,"Y":508.904358,"Z":2856.21484},"Vector":{"X":0.280538231,"Y":0.267612755,"Z":2856.21484},"JointType":15,"OrientationMatrix":[0.345233947,-0.4343608,-0.831952035,-0.483177662,0.67769,-0.5543244,0.8045824,0.593352258,0.0240881778]},{"Location":{"X":0.0,"Y":0.0,"Z":0.0},"Vector":{"X":0.0,"Y":0.0,"Z":0.0},"JointType":16,"OrientationMatrix":[1.0,0.0,0.0,0.0,1.0,0.0,0.0,0.0,1.0]},{"Location":{"X":-49.2427673,"Y":53.3135719,"Z":3279.2854},"Vector":{"X":0.485311031,"Y":0.478795618,"Z":3279.2854},"JointType":17,"OrientationMatrix":[0.9841788,-0.162078261,-0.07157379,0.137840152,0.9542209,-0.265447825,0.111320525,0.251382381,0.9614648]},{"Location":{"X":34.4264565,"Y":-375.0748,"Z":3155.19922},"Vector":{"X":0.510673165,"Y":0.655045152,"Z":3155.19922},"JointType":18,"OrientationMatrix":[0.9841788,-0.107352354,-0.140952617,0.137840152,0.963752151,0.228433415,0.111320525,-0.244248256,0.9633019]},{"Location":{"X":75.71848,"Y":-797.2097,"Z":3260.9},"Vector":{"X":0.522713959,"Y":0.818861544,"Z":3260.9},"JointType":19,"OrientationMatrix":[0.9841788,-0.107352354,-0.140952617,0.137840152,0.963752151,0.228433415,0.111320525,-0.244248256,0.9633019]},{"Location":{"X":0.0,"Y":0.0,"Z":0.0},"Vector":{"X":0.0,"Y":0.0,"Z":0.0},"JointType":20,"OrientationMatrix":[1.0,0.0,0.0,0.0,1.0,0.0,0.0,0.0,1.0]},{"Location":{"X":-280.639465,"Y":58.7054634,"Z":3285.23047},"Vector":{"X":0.416437536,"Y":0.476693332,"Z":3285.23047},"JointType":21,"OrientationMatrix":[0.950436234,0.22667259,-0.212815523,-0.2826364,0.915109,-0.2875626,0.129566833,0.333459347,0.933818638]},{"Location":{"X":-393.575,"Y":-352.0634,"Z":3128.93262},"Vector":{"X":0.376956254,"Y":0.646754563,"Z":3128.93262},"JointType":22,"OrientationMatrix":[0.950436234,0.288094223,-0.116930015,-0.2826364,0.95727247,0.0612055,0.129566833,-0.025123246,0.991252363]},{"Location":{"X":-509.896271,"Y":-773.3768,"Z":3135.25},"Vector":{"X":0.3409118,"Y":0.821725845,"Z":3135.25},"JointType":23,"OrientationMatrix":[0.950436234,0.288094223,-0.116930015,-0.2826364,0.95727247,0.0612055,0.129566833,-0.025123246,0.991252363]},{"Location":{"X":0.0,"Y":0.0,"Z":0.0},"Vector":{"X":0.0,"Y":0.0,"Z":0.0},"JointType":24,"OrientationMatrix":[1.0,0.0,0.0,0.0,1.0,0.0,0.0,0.0,1.0]}]}},{"Ticks":"1543294537153","Skeleton":{"Joints":[{"Location":{"X":0.0,"Y":0.0,"Z":0.0},"Vector":{"X":0.0,"Y":0.0,"Z":0.0},"JointType":0,"OrientationMatrix":[1.0,0.0,0.0,0.0,1.0,0.0,0.0,0.0,1.0]},{"Location":{"X":-103.603127,"Y":727.264343,"Z":3009.63281},"Vector":{"X":0.466326565,"Y":0.184829324,"Z":3009.63281},"JointType":1,"OrientationMatrix":[0.993053436,0.102539428,-0.05771058,-0.0662448,0.892573953,0.446008235,0.09724439,-0.439086974,0.893166363]},{"Location":{"X":-116.813812,"Y":603.311,"Z":3057.80029},"Vector":{"X":0.462630838,"Y":0.242664844,"Z":3057.80029},"JointType":2,"OrientationMatrix":[0.993053436,0.102539428,-0.05771058,-0.0662448,0.892573953,0.446008235,0.09724439,-0.439086974,0.893166363]},{"Location":{"X":-154.656845,"Y":277.770844,"Z":3226.61133},"Vector":{"X":0.453113168,"Y":0.3877188,"Z":3226.61133},"JointType":3,"OrientationMatrix":[0.993053436,0.102539428,-0.05771058,-0.0662448,0.892573953,0.446008235,0.09724439,-0.439086974,0.893166363]},{"Location":{"X":-167.388474,"Y":59.26732,"Z":3246.283},"Vector":{"X":0.449560881,"Y":0.476188,"Z":3246.283},"JointType":4,"OrientationMatrix":[0.996671438,0.061096184,0.05397479,-0.07073106,0.977263868,0.199880987,-0.0405356474,-0.203033373,0.9783324]},{"Location":{"X":-126.129936,"Y":523.1701,"Z":3099.358},"Vector":{"X":0.460191578,"Y":0.2798401,"Z":3099.358},"JointType":5,"OrientationMatrix":[0.993053436,0.102539428,-0.05771058,-0.0662448,0.892573953,0.446008235,0.09724439,-0.439086974,0.893166363]},{"Location":{"X":35.9113922,"Y":503.2335,"Z":3131.84155},"Vector":{"X":0.5112166,"Y":0.2904263,"Z":3131.84155},"JointType":6,"OrientationMatrix":[0.641550541,0.423367858,-0.639666,-0.746222734,0.537596345,-0.3926089,0.177664146,0.729211748,0.660822]},{"Location":{"X":241.106766,"Y":282.820923,"Z":3177.02173},"Vector":{"X":0.5742365,"Y":0.383893,"Z":3177.02173},"JointType":7,"OrientationMatrix":[0.482572824,0.423367858,0.7667354,0.5473934,0.537596345,-0.641366243,-0.683728,0.729211748,0.027680641]},{"Location":{"X":366.6547,"Y":437.405518,"Z":2987.589},"Vector":{"X":0.620050669,"Y":0.309045285,"Z":2987.589},"JointType":8,"OrientationMatrix":[0.460988,0.423367858,0.77990365,0.565078437,0.537596345,-0.6258406,-0.6842342,0.729211748,0.008589416]},{"Location":{"X":391.764282,"Y":468.322449,"Z":2949.70264},"Vector":{"X":0.629919648,"Y":0.2929221,"Z":2949.70264},"JointType":9,"OrientationMatrix":[0.460988,0.423367858,0.77990365,0.565078437,0.537596345,-0.6258406,-0.6842342,0.729211748,0.008589416]},{"Location":{"X":0.0,"Y":0.0,"Z":0.0},"Vector":{"X":0.0,"Y":0.0,"Z":0.0},"JointType":10,"OrientationMatrix":[1.0,0.0,0.0,0.0,1.0,0.0,0.0,0.0,1.0]},{"Location":{"X":-126.129936,"Y":523.1701,"Z":3099.358},"Vector":{"X":0.460191578,"Y":0.2798401,"Z":3099.358},"JointType":11,"OrientationMatrix":[0.993053436,0.102539428,-0.05771058,-0.0662448,0.892573953,0.446008235,0.09724439,-0.439086974,0.893166363]},{"Location":{"X":-293.508179,"Y":527.951843,"Z":3101.64868},"Vector":{"X":0.4074331,"Y":0.277991951,"Z":3101.64868},"JointType":12,"OrientationMatrix":[0.785919547,-0.452128,0.421794653,0.6092155,0.682888031,-0.40313828,-0.105768412,0.57379806,0.812138438]},{"Location":{"X":-536.9935,"Y":345.969025,"Z":3119.68384},"Vector":{"X":0.331621468,"Y":0.355358243,"Z":3119.68384},"JointType":13,"OrientationMatrix":[0.3591619,-0.452128,-0.816445351,-0.449461281,0.682888031,-0.575889349,0.8179164,0.57379806,0.04205332]},{"Location":{"X":-630.582947,"Y":474.868652,"Z":2895.69873},"Vector":{"X":0.2869816,"Y":0.286111653,"Z":2895.69873},"JointType":14,"OrientationMatrix":[0.339412332,-0.452128,-0.8248512,-0.4631884,0.682888031,-0.5649075,0.8186915,0.57379806,0.0223601554]},{"Location":{"X":-649.300842,"Y":500.6486,"Z":2850.90161},"Vector":{"X":0.277211875,"Y":0.2709566,"Z":2850.90161},"JointType":15,"OrientationMatrix":[0.339412332,-0.452128,-0.8248512,-0.4631884,0.682888031,-0.5649075,0.8186915,0.57379806,0.0223601554]},{"Location":{"X":0.0,"Y":0.0,"Z":0.0},"Vector":{"X":0.0,"Y":0.0,"Z":0.0},"JointType":16,"OrientationMatrix":[1.0,0.0,0.0,0.0,1.0,0.0,0.0,0.0,1.0]},{"Location":{"X":-53.2527847,"Y":44.19538,"Z":3280.9},"Vector":{"X":0.484122664,"Y":0.482430845,"Z":3280.9},"JointType":17,"OrientationMatrix":[0.9628266,-0.200357765,-0.181167692,0.138906077,0.9424674,-0.304072946,0.231668025,0.267604232,0.9352636]},{"Location":{"X":47.9865227,"Y":-379.787842,"Z":3140.68628},"Vector":{"X":0.5149459,"Y":0.657718837,"Z":3140.68628},"JointType":18,"OrientationMatrix":[0.9628266,-0.07973319,-0.258084446,0.138906077,0.9655816,0.219903022,0.231668025,-0.24757798,0.940763056]},{"Location":{"X":75.26401,"Y":-806.104553,"Z":3253.67114},"Vector":{"X":0.5226278,"Y":0.823135555,"Z":3253.67114},"JointType":19,"OrientationMatrix":[0.9628266,-0.07973319,-0.258084446,0.138906077,0.9655816,0.219903022,0.231668025,-0.24757798,0.940763056]},