[{"Ticks":"1543293755858","Skeleton":{"Joints":[]}},{"Ticks":"1543293755906","Skeleton":{"Joints":[]}},{"Ticks":"1543293755946","Skeleton":{"Joints":[]}},{"Ticks":"1543293755986","Skeleton":{"Joints":[]}},{"Ticks":"1543293756024","Skeleton":{"Joints":[]}},{"Ticks":"1543293756063","Skeleton":{"Joints":[]}},{"Ticks":"1543293756110","Skeleton":{"Joints":[]}},{"Ticks":"1543293756152","Skeleton":{"Joints":[{"Location":{"X":0.0,"Y":0.0,"Z":0.0},"Vector":{"X":0.0,"Y":0.0,"Z":0.0},"JointType":0,"OrientationMatrix":[1.0,0.0,0.0,0.0,1.0,0.0,0.0,0.0,1.0]},{"Location":{"X":292.54425,"Y":910.3654,"Z":3051.60571},"Vector":{"X":0.5937759,"Y":0.110906169,"Z":3051.60571},"JointType":1,"OrientationMatrix":[0.9951426,-0.0877083,0.04470427,0.09190144,0.990479648,-0.102490216,-0.0352894254,0.106100768,0.993729]},{"Location":{"X":278.711853,"Y":781.963,"Z":3054.71826},"Vector":{"X":0.5892509,"Y":0.166126415,"Z":3054.71826},"JointType":2,"OrientationMatrix":[0.9951426,-0.0877083,0.04470427,0.09190144,0.990479648,-0.102490216,-0.0352894254,0.106100768,0.993729]},{"Location":{"X":215.110474,"Y":436.640625,"Z":3100.709},"Vector":{"X":0.567862332,"Y":0.3163334,"Z":3100.709},"JointType":3,"OrientationMatrix":[0.9951426,-0.0877083,0.04470427,0.09190144,0.990479648,-0.102490216,-0.0352894254,0.106100768,0.993729]},{"Location":{"X":193.091156,"Y":230.719376,"Z":3049.042},"Vector":{"X":0.561948,"Y":0.4013067,"Z":3049.042},"JointType":4,"OrientationMatrix":[0.9966378,0.0356750973,0.0737583,-0.0278234947,0.9940973,-0.104863741,-0.07706395,0.102458961,0.9917476]},{"Location":{"X":262.880737,"Y":696.0083,"Z":3066.16577},"Vector":{"X":0.5838671,"Y":0.203935862,"Z":3066.16577},"JointType":5,"OrientationMatrix":[0.9951426,-0.0877083,0.04470427,0.09190144,0.990479648,-0.102490216,-0.0352894254,0.106100768,0.993729]},{"Location":{"X":428.323944,"Y":668.7275,"Z":3098.293},"Vector":{"X":0.6352316,"Y":0.218490079,"Z":3098.293},"JointType":6,"OrientationMatrix":[0.06762986,-0.08477316,-0.9941025,-0.133371472,0.9866729,-0.093213,0.9887559,0.1388889,0.0554222278]},{"Location":{"X":651.8762,"Y":498.11554,"Z":3017.33984},"Vector":{"X":0.7113339,"Y":0.2846857,"Z":3017.33984},"JointType":7,"OrientationMatrix":[0.156187534,-0.08477316,-0.9840828,-0.12450891,0.9866729,-0.104757562,0.979848444,0.1388889,0.143550992]},{"Location":{"X":391.5345,"Y":545.534058,"Z":2980.67432},"Vector":{"X":0.628494263,"Y":0.261287957,"Z":2980.67432},"JointType":8,"OrientationMatrix":[0.156187534,-0.08477316,-0.9840828,-0.12450891,0.9866729,-0.104757562,0.979848444,0.1388889,0.143550992]},{"Location":{"X":285.090637,"Y":564.9217,"Z":2965.683},"Vector":{"X":0.5940343,"Y":0.251554847,"Z":2965.683},"JointType":9,"OrientationMatrix":[0.156187534,-0.08477316,-0.9840828,-0.12450891,0.9866729,-0.104757562,0.979848444,0.1388889,0.143550992]},{"Location":{"X":0.0,"Y":0.0,"Z":0.0},"Vector":{"X":0.0,"Y":0.0,"Z":0.0},"JointType":10,"OrientationMatrix":[1.0,0.0,0.0,0.0,1.0,0.0,0.0,0.0,1.0]},{"Location":{"X":262.880737,"Y":696.0083,"Z":3066.16577},"Vector":{"X":0.5838671,"Y":0.203935862,"Z":3066.16577},"JointType":11,"OrientationMatrix":[0.9951426,-0.0877083,0.04470427,0.09190144,0.990479648,-0.102490216,-0.0352894254,0.106100768,0.993729]},{"Location":{"X":106.207962,"Y":697.535,"Z":3069.52124},"Vector":{"X":0.533846557,"Y":0.203610823,"Z":3069.52124},"JointType":12,"OrientationMatrix":[-0.04475341,-0.0876207352,0.9951481,0.102567531,0.990479,0.09182225,-0.9937188,0.106179245,-0.03534027]},{"Location":{"X":106.207962,"Y":404.8962,"Z":3069.52124},"Vector":{"X":0.533846557,"Y":0.327955782,"Z":3069.52124},"JointType":13,"OrientationMatrix":[0.0421611667,-0.0876207352,0.9952613,0.110181011,0.990479,0.08253223,-0.9930169,0.106179245,0.0514138862]},{"Location":{"X":106.207962,"Y":137.743256,"Z":3069.52124},"Vector":{"X":0.533846557,"Y":0.441471577,"Z":3069.52124},"JointType":14,"OrientationMatrix":[0.04214296,-0.0876207352,0.9952621,0.110179506,0.990479,0.0825342461,-0.993017852,0.106179245,0.0513957255]},{"Location":{"X":106.207962,"Y":28.5145416,"Z":3069.52124},"Vector":{"X":0.533846557,"Y":0.487883925,"Z":3069.52124},"JointType":15,"OrientationMatrix":[0.04214296,-0.0876207352,0.9952621,0.110179506,0.990479,0.0825342461,-0.993017852,0.106179245,0.0513957255]},{"Location":{"X":0.0,"Y":0.0,"Z":0.0},"Vector":{"X":0.0,"Y":0.0,"Z":0.0},"JointType":16,"OrientationMatrix":[1.0,0.0,0.0,0.0,1.0,0.0,0.0,0.0,1.0]},{"Location":{"X":290.3441,"Y":193.278015,"Z":3046.306},"Vector":{"X":0.5932326,"Y":0.417248458,"Z":3046.306},"JointType":17,"OrientationMatrix":[0.989982069,0.13613607,0.0374499671,-0.1160421,0.9355928,-0.3334672,-0.08043483,0.325780749,0.9420176]},{"Location":{"X":276.226868,"Y":-225.463928,"Z":2821.782},"Vector":{"X":0.595757067,"Y":0.6042127,"Z":2821.782},"JointType":18,"OrientationMatrix":[0.989982069,0.131921321,0.0503219143,-0.1160421,0.9632401,-0.242286429,-0.08043483,0.234019756,0.968898833]},{"Location":{"X":181.873444,"Y":-647.4234,"Z":2871.17529},"Vector":{"X":0.5619638,"Y":0.794100463,"Z":2871.17529},"JointType":19,"OrientationMatrix":[0.989982069,0.131921321,0.0503219143,-0.1160421,0.9632401,-0.242286429,-0.08043483,0.234019756,0.968898833]},{"Location":{"X":0.0,"Y":0.0,"Z":0.0},"Vector":{"X":0.0,"Y":0.0,"Z":0.0},"JointType":20,"OrientationMatrix":[1.0,0.0,0.0,0.0,1.0,0.0,0.0,0.0,1.0]},{"Location":{"X":91.46369,"Y":213.698288,"Z":3036.5957},"Vector":{"X":0.5294639,"Y":0.408213019,"Z":3036.5957},"JointType":21,"OrientationMatrix":[0.997378767,-0.0195538756,0.0696648359,0.0162235536,0.998712957,0.04805411,-0.07051481,-0.0467979424,0.9964124]},{"Location":{"X":6.78292847,"Y":-141.655838,"Z":2732.44482},"Vector":{"X":0.502428234,"Y":0.5676161,"Z":2732.44482},"JointType":22,"OrientationMatrix":[0.997378767,-0.0255511571,0.0676955059,0.0162235536,0.9907244,0.134914815,-0.07051481,-0.133462921,0.988542]},{"Location":{"X":-3.2613554,"Y":-568.0593,"Z":2646.0083},"Vector":{"X":0.498794317,"Y":0.7800074,"Z":2646.0083},"JointType":23,"OrientationMatrix":[0.997378767,-0.0255511571,0.0676955059,0.0162235536,0.9907244,0.134914815,-0.07051481,-0.133462921,0.988542]},{"Location":{"X":0.0,"Y":0.0,"Z":0.0},"Vector":{"X":0.0,"Y":0.0,"Z":0.0},"JointType":24,"OrientationMatrix":[1.0,0.0,0.0,0.0,1.0,0.0,0.0,0.0,1.0]}]}},{"Ticks":"1543293756195","Skeleton":{"Joints":[{"Location":{"X":0.0,"Y":0.0,"Z":0.0},"Vector":{"X":0.0,"Y":0.0,"Z":0.0},"JointType":0,"OrientationMatrix":[1.0,0.0,0.0,0.0,1.0,0.0,0.0,0.0,1.0]},{"Location":{"X":293.8087,"Y":900.5826,"Z":3058.78833},"Vector":{"X":0.5939601,"Y":0.115991242,"Z":3058.78833},"JointType":1,"OrientationMatrix":[0.909266233,0.110219769,0.401355863,-0.114587158,0.993325651,-0.013190018,-0.400130868,-0.0339969881,0.9158272]},{"Location":{"X":274.9405,"Y":769.8008,"Z":3057.52},"Vector":{"X":0.5879625,"Y":0.1716205,"Z":3057.52},"JointType":2,"OrientationMatrix":[0.909266233,0.110219769,0.401355863,-0.114587158,0.993325651,-0.013190018,-0.400130868,-0.0339969881,0.9158272]},{"Location":{"X":224.669388,"Y":415.8701,"Z":3073.62646},"Vector":{"X":0.5715025,"Y":0.3235289,"Z":3073.62646},"JointType":3,"OrientationMatrix":[0.909266233,0.110219769,0.401355863,-0.114587158,0.993325651,-0.013190018,-0.400130868,-0.0339969881,0.9158272]},{"Location":{"X":198.061035,"Y":208.4176,"Z":3031.03931},"Vector":{"X":0.563919842,"Y":0.410317063,"Z":3031.03931},"JointType":4,"OrientationMatrix":[0.9863823,0.1314914,-0.09879258,-0.152443,0.9564096,-0.249082014,0.06173403,0.260750324,0.9634304]},{"Location":{"X":262.557343,"Y":682.6179,"Z":3061.48755},"Vector":{"X":0.583891869,"Y":0.209188074,"Z":3061.48755},"JointType":5,"OrientationMatrix":[0.909266233,0.110219769,0.401355863,-0.114587158,0.993325651,-0.013190018,-0.400130868,-0.0339969881,0.9158272]},{"Location":{"X":420.18512,"Y":643.4535,"Z":3056.77271},"Vector":{"X":0.6344639,"Y":0.225450262,"Z":3056.77271},"JointType":6,"OrientationMatrix":[0.6589526,0.7430998,-0.116551355,-0.7408361,0.667986631,0.07039704,0.130166769,0.0399571359,0.990686655]},{"Location":{"X":621.770447,"Y":458.3329,"Z":2953.17871},"Vector":{"X":0.70595324,"Y":0.297577739,"Z":2953.17871},"JointType":7,"OrientationMatrix":[0.661379933,0.7430998,0.10187874,-0.7240364,0.667986631,-0.171945125,-0.195826024,0.0399571359,0.979824245]},{"Location":{"X":395.9372,"Y":600.974243,"Z":2948.28149},"Vector":{"X":0.631366849,"Y":0.234139428,"Z":2948.28149},"JointType":8,"OrientationMatrix":[0.661379933,0.7430998,0.10187874,-0.7240364,0.667986631,-0.171945125,-0.195826024,0.0399571359,0.979824245]},{"Location":{"X":303.602539,"Y":659.294861,"Z":2946.2793},"Vector":{"X":0.6007998,"Y":0.2081412,"Z":2946.2793},"JointType":9,"OrientationMatrix":[0.661379933,0.7430998,0.10187874,-0.7240364,0.667986631,-0.171945125,-0.195826024,0.0399571359,0.979824245]},{"Location":{"X":0.0,"Y":0.0,"Z":0.0},"Vector":{"X":0.0,"Y":0.0,"Z":0.0},"JointType":10,"OrientationMatrix":[1.0,0.0,0.0,0.0,1.0,0.0,0.0,0.0,1.0]},{"Location":{"X":262.557343,"Y":682.6179,"Z":3061.48755},"Vector":{"X":0.583891869,"Y":0.209188074,"Z":3061.48755},"JointType":11,"OrientationMatrix":[0.909266233,0.110219769,0.401355863,-0.114587158,0.993325651,-0.013190018,-0.400130868,-0.0339969881,0.9158272]},{"Location":{"X":101.3811,"Y":688.3743,"Z":3075.04346},"Vector":{"X":0.5322503,"Y":0.208028525,"Z":3075.04346},"JointType":12,"OrientationMatrix":[-0.401385158,0.11032933,0.90924,0.0132762706,0.993314862,-0.114670351,-0.915813148,-0.03395566,-0.4001666]},{"Location":{"X":101.3811,"Y":395.7346,"Z":3075.04346},"Vector":{"X":0.5322503,"Y":0.3321506,"Z":3075.04346},"JointType":13,"OrientationMatrix":[-0.3206015,0.11032933,0.940766752,0.003230249,0.993314862,-0.115391135,-0.947208643,-0.03395566,-0.318814635]},{"Location":{"X":101.3811,"Y":128.580719,"Z":3075.04346},"Vector":{"X":0.5322503,"Y":0.445462972,"Z":3075.04346},"JointType":14,"OrientationMatrix":[-0.3206187,0.11032933,0.9407609,0.00323235942,0.993314862,-0.115391076,-0.9472028,-0.03395566,-0.31883195]},{"Location":{"X":101.3811,"Y":19.3516235,"Z":3075.04346},"Vector":{"X":0.5322503,"Y":0.491792083,"Z":3075.04346},"JointType":15,"OrientationMatrix":[-0.3206187,0.11032933,0.9407609,0.00323235942,0.993314862,-0.115391076,-0.9472028,-0.03395566,-0.31883195]},{"Location":{"X":0.0,"Y":0.0,"Z":0.0},"Vector":{"X":0.0,"Y":0.0,"Z":0.0},"JointType":16,"OrientationMatrix":[1.0,0.0,0.0,0.0,1.0,0.0,0.0,0.0,1.0]},{"Location":{"X":299.633331,"Y":150.3864,"Z":3026.38721},"Vector":{"X":0.5968487,"Y":0.435188651,"Z":3026.38721},"JointType":17,"OrientationMatrix":[0.961821437,0.113009855,-0.249255508,-0.203877449,0.9034538,-0.377101034,0.182574719,0.4135214,0.8920014]},{"Location":{"X":276.787048,"Y":-269.017548,"Z":2805.598},"Vector":{"X":0.596504748,"Y":0.6250611,"Z":2805.598},"JointType":18,"OrientationMatrix":[0.961821437,0.2079436,-0.177929744,-0.203877449,0.9781356,0.0410462022,0.182574719,-0.00320325419,0.9831868]},{"Location":{"X":178.484146,"Y":-679.593933,"Z":2831.75928},"Vector":{"X":0.561655462,"Y":0.8130114,"Z":2831.75928},"JointType":19,"OrientationMatrix":[0.961821437,0.2079436,-0.177929744,-0.203877449,0.9781356,0.0410462022,0.182574719,-0.00320325419,0.9831868]},{"Location":{"X":0.0,"Y":0.0,"Z":0.0},"Vector":{"X":0.0,"Y":0.0,"Z":0.0},"JointType":20,"OrientationMatrix":[1.0,0.0,0.0,0.0,1.0,0.0,0.0,0.0,1.0]},{"Location":{"X":88.11723,"Y":164.6633,"Z":3015.13086},"Vector":{"X":0.528587937,"Y":0.42877087,"Z":3015.13086},"JointType":21,"OrientationMatrix":[0.999268234,0.0205817241,-0.0322397277,-0.0336524434,0.873709857,-0.485282,0.0181802269,0.486011833,0.873763144]},{"Location":{"X":39.1639366,"Y":-194.343567,"Z":2708.7207},"Vector":{"X":0.5141433,"Y":0.5935778,"Z":2708.7207},"JointType":22,"OrientationMatrix":[0.999268234,0.0239888132,-0.029791683,-0.0336524434,0.921602249,-0.386674076,0.0181802269,0.387393683,0.9217351]},{"Location":{"X":61.43449,"Y":-608.1685,"Z":2624.023},"Vector":{"X":0.522901952,"Y":0.8022897,"Z":2624.023},"JointType":23,"OrientationMatrix":[0.999268234,0.0239888132,-0.029791683,-0.0336524434,0.921602249,-0.386674076,0.0181802269,0.387393683,0.9217351]},{"Location":{"X":0.0,"Y":0.0,"Z":0.0},"Vector":{"X":0.0,"Y":0.0,"Z":0.0},"JointType":24,"OrientationMatrix":[1.0,0.0,0.0,0.0,1.0,0.0,0.0,0.0,1.0]}]}},{"Ticks":"1543293756238","Skeleton":{"Joints":[{"Location":{"X":0.0,"Y":0.0,"Z":0.0},"Vector":{"X":0.0,"Y":0.0,"Z":0.0},"JointType":0,"OrientationMatrix":[1.0,0.0,0.0,0.0,1.0,0.0,0.0,0.0,1.0]},{"Location":{"X":295.668945,"Y":890.7411,"Z":3055.10767},"Vector":{"X":0.5946689,"Y":0.119730078,"Z":3055.10767},"JointType":1,"OrientationMatrix":[0.8863207,0.104105525,0.451217949,-0.07400862,0.993722141,-0.0838986859,-0.4571196,0.0409671254,0.888461232]},{"Location":{"X":275.6131,"Y":760.332,"Z":3057.49438},"Vector":{"X":0.588178456,"Y":0.175656959,"Z":3057.49438},"JointType":2,"OrientationMatrix":[0.8863207,0.104105525,0.451217949,-0.07400862,0.993722141,-0.0838986859,-0.4571196,0.0409671254,0.888461232]},{"Location":{"X":228.496658,"Y":402.972656,"Z":3065.95459},"Vector":{"X":0.5729025,"Y":0.3285739,"Z":3065.95459},"JointType":3,"OrientationMatrix":[0.8863207,0.104105525,0.451217949,-0.07400862,0.993722141,-0.0838986859,-0.4571196,0.0409671254,0.888461232]},{"Location":{"X":199.882462,"Y":195.803345,"Z":3023.27441},"Vector":{"X":0.564673364,"Y":0.415528625,"Z":3023.27441},"JointType":4,"OrientationMatrix":[0.9892542,0.146166921,-0.003369537,-0.144734755,0.97578007,-0.16402778,-0.02068751,0.162752852,0.986449957]},{"Location":{"X":264.093964,"Y":672.963867,"Z":3059.56274},"Vector":{"X":0.58443594,"Y":0.213120565,"Z":3059.56274},"JointType":5,"OrientationMatrix":[0.8863207,0.104105525,0.451217949,-0.07400862,0.993722141,-0.0838986859,-0.4571196,0.0409671254,0.888461232]},{"Location":{"X":421.4265,"Y":634.4528,"Z":3057.26636},"Vector":{"X":0.6348394,"Y":0.2293344,"Z":3057.26636},"JointType":6,"OrientationMatrix":[0.5241097,0.470685065,0.709763765,-0.4939332,0.8469119,-0.196901575,-0.693786,-0.247377858,0.67636174]},{"Location":{"X":526.4819,"Y":583.9002,"Z":2788.84839},"Vector":{"X":0.6846659,"Y":0.226925761,"Z":2788.84839},"JointType":7,"OrientationMatrix":[-0.06036656,0.470685065,0.880233765,-0.248808652,0.8469119,-0.4699303,-0.9666696,-0.247377858,0.06598536]},{"Location":{"X":556.408,"Y":610.0613,"Z":2524.66431},"Vector":{"X":0.715584755,"Y":0.184835836,"Z":2524.66431},"JointType":8,"OrientationMatrix":[-0.08801459,0.470685065,0.877900362,-0.233909234,0.8469119,-0.47752142,-0.9682664,-0.247377858,0.0355569832]},{"Location":{"X":562.39325,"Y":615.2935,"Z":2471.82739},"Vector":{"X":0.7225616,"Y":0.1753382,"Z":2471.82739},"JointType":9,"OrientationMatrix":[-0.08801459,0.470685065,0.877900362,-0.233909234,0.8469119,-0.47752142,-0.9682664,-0.247377858,0.0355569832]},{"Location":{"X":0.0,"Y":0.0,"Z":0.0},"Vector":{"X":0.0,"Y":0.0,"Z":0.0},"JointType":10,"OrientationMatrix":[1.0,0.0,0.0,0.0,1.0,0.0,0.0,0.0,1.0]},{"Location":{"X":264.093964,"Y":672.963867,"Z":3059.56274},"Vector":{"X":0.58443594,"Y":0.213120565,"Z":3059.56274},"JointType":11,"OrientationMatrix":[0.8863207,0.104105525,0.451217949,-0.07400862,0.993722141,-0.0838986859,-0.4571196,0.0409671254,0.888461232]},{"Location":{"X":105.73938,"Y":671.154541,"Z":3074.7417},"Vector":{"X":0.53364,"Y":0.2153043,"Z":3074.7417},"JointType":12,"OrientationMatrix":[-0.4512468,0.104217239,0.8862929,0.0839832649,0.993709,-0.074088864,-0.8884386,0.0410014056,-0.4571605]},{"Location":{"X":105.73938,"Y":378.510681,"Z":3074.7417},"Vector":{"X":0.53364,"Y":0.339440316,"Z":3074.7417},"JointType":13,"OrientationMatrix":[-0.372273564,0.104217239,0.9222533,0.07720548,0.993709,-0.08112744,-0.9249063,0.0410014056,-0.377977759]},{"Location":{"X":105.73938,"Y":111.353058,"Z":3074.7417},"Vector":{"X":0.53364,"Y":0.452765375,"Z":3074.7417},"JointType":14,"OrientationMatrix":[-0.372290432,0.104217239,0.9222465,0.07720696,0.993709,-0.08112603,-0.9248994,0.0410014056,-0.377994657]},{"Location":{"X":105.73938,"Y":2.12242126,"Z":3074.7417},"Vector":{"X":0.53364,"Y":0.4990997,"Z":3074.7417},"JointType":15,"OrientationMatrix":[-0.372290432,0.104217239,0.9222465,0.07720696,0.993709,-0.08112603,-0.9248994,0.0410014056,-0.377994657]},{"Location":{"X":0.0,"Y":0.0,"Z":0.0},"Vector":{"X":0.0,"Y":0.0,"Z":0.0},"JointType":16,"OrientationMatrix":[1.0,0.0,0.0,0.0,1.0,0.0,0.0,0.0,1.0]},{"Location":{"X":299.76413,"Y":134.6584,"Z":3021.52832},"Vector":{"X":0.5970468,"Y":0.44187355,"Z":3021.52832},"JointType":17,"OrientationMatrix":[0.9543653,0.100429252,-0.281248629,-0.209914252,0.895454,-0.392553419,0.212421373,0.433677465,0.875671744]},{"Location":{"X":281.8583,"Y":-283.290222,"Z":2795.459},"Vector":{"X":0.598629355,"Y":0.632173836,"Z":2795.459},"JointType":18,"OrientationMatrix":[0.9543653,0.211163044,-0.211180016,-0.209914252,0.977302,0.0285784286,0.212421373,0.0170554351,0.9770293]},{"Location":{"X":183.143921,"Y":-691.1648,"Z":2824.696},"Vector":{"X":0.563423336,"Y":0.8191368,"Z":2824.696},"JointType":19,"OrientationMatrix":[0.9543653,0.211163044,-0.211180016,-0.209914252,0.977302,0.0285784286,0.212421373,0.0170554351,0.9770293]},{"Location":{"X":0.0,"Y":0.0,"Z":0.0},"Vector":{"X":0.0,"Y":0.0,"Z":0.0},"JointType":20,"OrientationMatrix":[1.0,0.0,0.0,0.0,1.0,0.0,0.0,0.0,1.0]},{"Location":{"X":91.83597,"Y":143.613876,"Z":3010.42017},"Vector":{"X":0.529841065,"Y":0.4377791,"Z":3010.42017},"JointType":21,"OrientationMatrix":[0.896479249,0.0315277465,0.44196257,0.2272485,0.823570132,-0.519702137,-0.3803722,0.5663375,0.731148958]},{"Location":{"X":58.5839462,"Y":-207.306274,"Z":2691.26758},"Vector":{"X":0.52129364,"Y":0.6004668,"Z":2691.26758},"JointType":22,"OrientationMatrix":[0.896479249,-0.106846862,0.430010051,0.2272485,0.944002,-0.239203542,-0.3803722,0.312160164,0.870559037]},{"Location":{"X":104.25177,"Y":-618.9939,"Z":2617.85913},"Vector":{"X":0.5389552,"Y":0.8083948,"Z":2617.85913},"JointType":23,"OrientationMatrix":[0.896479249,-0.106846862,0.430010051,0.2272485,0.944002,-0.239203542,-0.3803722,0.312160164,0.870559037]},{"Location":{"X":0.0,"Y":0.0,"Z":0.0},"Vector":{"X":0.0,"Y":0.0,"Z":0.0},"JointType":24,"OrientationMatrix":[1.0,0.0,0.0,0.0,1.0,0.0,0.0,0.0,1.0]}]}},{"Ticks":"1543293756281","Skeleton":{"Joints":[{"Location":{"X":0.0,"Y":0.0,"Z":0.0},"Vector":{"X":0.0,"Y":0.0,"Z":0.0},"JointType":0,"OrientationMatrix":[1.0,0.0,0.0,0.0,1.0,0.0,0.0,0.0,1.0]},{"Location":{"X":301.0397,"Y":876.9435,"Z":3051.16455},"Vector":{"X":0.596513152,"Y":0.125136644,"Z":3051.16455},"JointType":1,"OrientationMatrix":[0.923947036,0.11817304,0.363809019,-0.0810586,0.9899708,-0.115703583,-0.373833358,0.07741413,0.924259543]},{"Location":{"X":279.0962,"Y":748.879639,"Z":3057.503},"Vector":{"X":0.5892926,"Y":0.180543184,"Z":3057.503},"JointType":2,"OrientationMatrix":[0.923947036,0.11817304,0.363809019,-0.0810586,0.9899708,-0.115703583,-0.373833358,0.07741413,0.924259543]},{"Location":{"X":231.27182,"Y":389.1313,"Z":3065.34277},"Vector":{"X":0.57380265,"Y":0.3344291,"Z":3065.34277},"JointType":3,"OrientationMatrix":[0.923947036,0.11817304,0.363809019,-0.0810586,0.9899708,-0.115703583,-0.373833358,0.07741413,0.924259543]},{"Location":{"X":202.558029,"Y":182.8528,"Z":3018.57642},"Vector":{"X":0.565641046,"Y":0.420992851,"Z":3018.57642},"JointType":4,"OrientationMatrix":[0.992002368,0.126192555,0.002603041,-0.124038875,0.9784743,-0.164931491,-0.023360135,0.163289547,0.9863016]},{"Location":{"X":267.482422,"Y":661.5175,"Z":3059.40674},"Vector":{"X":0.585523665,"Y":0.21798569,"Z":3059.40674},"JointType":5,"OrientationMatrix":[0.923947036,0.11817304,0.363809019,-0.0810586,0.9899708,-0.115703583,-0.373833358,0.07741413,0.924259543]},{"Location":{"X":422.637726,"Y":619.9487,"Z":3060.21167},"Vector":{"X":0.6350968,"Y":0.235776573,"Z":3060.21167},"JointType":6,"OrientationMatrix":[0.731013536,0.662996948,0.161413223,-0.57956326,0.7281227,-0.365983248,-0.360174417,0.173989534,0.916516244]},{"Location":{"X":596.939636,"Y":433.0927,"Z":2917.55957},"Vector":{"X":0.7001423,"Y":0.306389838,"Z":2917.55957},"JointType":7,"OrientationMatrix":[-0.00234742556,0.662996948,0.7486184,0.2344339,0.7281227,-0.6441103,-0.9721292,0.173989534,-0.157138184]},{"Location":{"X":536.6064,"Y":560.26416,"Z":2690.48022},"Vector":{"X":0.6950987,"Y":0.228399813,"Z":2690.48022},"JointType":8,"OrientationMatrix":[-0.0721896738,0.662996948,0.74513334,0.2935121,0.7281227,-0.619425535,-0.953225732,0.173989534,-0.247160584]},{"Location":{"X":524.539734,"Y":585.6984,"Z":2645.06445},"Vector":{"X":0.693986,"Y":0.211194932,"Z":2645.06445},"JointType":9,"OrientationMatrix":[-0.0721896738,0.662996948,0.74513334,0.2935121,0.7281227,-0.619425535,-0.953225732,0.173989534,-0.247160584]},{"Location":{"X":0.0,"Y":0.0,"Z":0.0},"Vector":{"X":0.0,"Y":0.0,"Z":0.0},"JointType":10,"OrientationMatrix":[1.0,0.0,0.0,0.0,1.0,0.0,0.0,0.0,1.0]},{"Location":{"X":267.482422,"Y":661.5175,"Z":3059.40674},"Vector":{"X":0.585523665,"Y":0.21798569,"Z":3059.40674},"JointType":11,"OrientationMatrix":[0.923947036,0.11817304,0.363809019,-0.0810586,0.9899708,-0.115703583,-0.373833358,0.07741413,0.924259543]},{"Location":{"X":111.574677,"Y":660.2382,"Z":3093.75122},"Vector":{"X":0.5352784,"Y":0.221655741,"Z":3093.75122},"JointType":12,"OrientationMatrix":[-0.3638383,0.118280761,0.9239217,0.115788147,0.9899545,-0.08113718,-0.92423743,0.0774583742,-0.373878866]},{"Location":{"X":111.574677,"Y":367.585083,"Z":3093.75122},"Vector":{"X":0.5352784,"Y":0.3450329,"Z":3093.75122},"JointType":13,"OrientationMatrix":[-0.281917781,0.118280761,0.952119768,0.108274929,0.9899545,-0.0909212753,-0.9533095,0.0774583742,-0.291892618]},{"Location":{"X":111.574677,"Y":100.419006,"Z":3093.75122},"Vector":{"X":0.5352784,"Y":0.457665175,"Z":3093.75122},"JointType":14,"OrientationMatrix":[-0.2819352,0.118280761,0.9521146,0.108276591,0.9899545,-0.09091929,-0.9533041,0.0774583742,-0.291910052]},{"Location":{"X":111.574677,"Y":-8.815086,"Z":3093.75122},"Vector":{"X":0.5352784,"Y":0.5037163,"Z":3093.75122},"JointType":15,"OrientationMatrix":[-0.2819352,0.118280761,0.9521146,0.108276591,0.9899545,-0.09091929,-0.9533041,0.0774583742,-0.291910052]},{"Location":{"X":0.0,"Y":0.0,"Z":0.0},"Vector":{"X":0.0,"Y":0.0,"Z":0.0},"JointType":16,"OrientationMatrix":[1.0,0.0,0.0,0.0,1.0,0.0,0.0,0.0,1.0]},{"Location":{"X":302.910461,"Y":127.3134,"Z":3016.316},"Vector":{"X":0.5982349,"Y":0.44494912,"Z":3016.316},"JointType":17,"OrientationMatrix":[0.9617059,0.060197752,-0.267391026,-0.166214451,0.903809249,-0.394336879,0.217932284,0.423680365,0.879204452]},{"Location":{"X":289.9261,"Y":-286.572021,"Z":2787.50952},"Vector":{"X":0.601741731,"Y":0.6340863,"Z":2787.50952},"JointType":18,"OrientationMatrix":[0.9617059,0.170977965,-0.214215457,-0.166214451,0.985270143,0.0401934125,0.217932284,-0.003048537,0.9759591]},{"Location":{"X":193.519745,"Y":-691.944,"Z":2829.78857},"Vector":{"X":0.5668959,"Y":0.8189216,"Z":2829.78857},"JointType":19,"OrientationMatrix":[0.9617059,0.170977965,-0.214215457,-0.166214451,0.985270143,0.0401934125,0.217932284,-0.003048537,0.9759591]},{"Location":{"X":0.0,"Y":0.0,"Z":0.0},"Vector":{"X":0.0,"Y":0.0,"Z":0.0},"JointType":20,"OrientationMatrix":[1.0,0.0,0.0,0.0,1.0,0.0,0.0,0.0,1.0]},{"Location":{"X":95.527565,"Y":137.610245,"Z":3003.01636},"Vector":{"X":0.5311171,"Y":0.4402332,"Z":3003.01636},"JointType":21,"OrientationMatrix":[0.8898308,0.04080392,0.454462469,0.24772571,0.7932235,-0.5562629,-0.383188,0.607561946,0.6957266]},{"Location":{"X":74.38106,"Y":-217.656128,"Z":2691.3103},"Vector":{"X":0.527035058,"Y":0.605480969,"Z":2691.3103},"JointType":22,"OrientationMatrix":[0.8898308,-0.09671481,0.445923,0.24772571,0.9231056,-0.294122517,-0.383188,0.3721859,0.845366538]},{"Location":{"X":97.22959,"Y":-629.088257,"Z":2616.413},"Vector":{"X":0.5363513,"Y":0.8135973,"Z":2616.413},"JointType":23,"OrientationMatrix":[0.8898308,-0.09671481,0.445923,0.24772571,0.9231056,-0.294122517,-0.383188,0.3721859,0.845366538]},{"Location":{"X":0.0,"Y":0.0,"Z":0.0},"Vector":{"X":0.0,"Y":0.0,"Z":0.0},"JointType":24,"OrientationMatrix":[1.0,0.0,0.0,0.0,1.0,0.0,0.0,0.0,1.0]}]}},{"Ticks":"1543293756328","Skeleton":{"Joints":[{"Location":{"X":0.0,"Y":0.0,"Z":0.0},"Vector":{"X":0.0,"Y":0.0,"Z":0.0},"JointType":0,"OrientationMatrix":[1.0,0.0,0.0,0.0,1.0,0.0,0.0,0.0,1.0]},{"Location":{"X":316.537018,"Y":850.5222,"Z":3046.08813},"Vector":{"X":0.601650655,"Y":0.135824934,"Z":3046.08813},"JointType":1,"OrientationMatrix":[0.9853539,0.146407008,0.0874227956,-0.146305859,0.989210248,-0.007598386,-0.0875919759,-0.005303368,0.9961423]},{"Location":{"X":288.7953,"Y":724.48114,"Z":3057.49854},"Vector":{"X":0.5923958,"Y":0.190950647,"Z":3057.49854},"JointType":2,"OrientationMatrix":[0.9853539,0.146407008,0.0874227956,-0.146305859,0.989210248,-0.007598386,-0.0875919759,-0.005303368,0.9961423]},{"Location":{"X":237.683014,"Y":363.617828,"Z":3065.48242},"Vector":{"X":0.5758451,"Y":0.3452918,"Z":3065.48242},"JointType":3,"OrientationMatrix":[0.9853539,0.146407008,0.0874227956,-0.146305859,0.989210248,-0.007598386,-0.0875919759,-0.005303368,0.9961423]},{"Location":{"X":215.723831,"Y":158.03035,"Z":3012.32471},"Vector":{"X":0.5700527,"Y":0.431576431,"Z":3012.32471},"JointType":4,"OrientationMatrix":[0.9917339,0.127807781,-0.0113581466,-0.1264164,0.9580936,-0.2570518,-0.0219710488,0.256362826,0.9663309]},{"Location":{"X":276.4344,"Y":637.2107,"Z":3059.42944},"Vector":{"X":0.5883852,"Y":0.228350058,"Z":3059.42944},"JointType":5,"OrientationMatrix":[0.9853539,0.146407008,0.0874227956,-0.146305859,0.989210248,-0.007598386,-0.0875919759,-0.005303368,0.9961423]},{"Location":{"X":436.814331,"Y":599.7258,"Z":3073.351},"Vector":{"X":0.6390314,"Y":0.24548839,"Z":3073.351},"JointType":6,"OrientationMatrix":[0.518230855,0.849926,0.09519758,-0.7809242,0.5156426,-0.352519721,-0.3487036,0.108344495,0.9309496]},{"Location":{"X":598.078,"Y":388.3935,"Z":2950.87378},"Vector":{"X":0.6982602,"Y":0.3283324,"Z":2950.87378},"JointType":7,"OrientationMatrix":[-0.262288749,0.849926,0.456979632,0.5923851,0.5156426,-0.6190255,-0.76176405,0.108344495,-0.638730764]},{"Location":{"X":522.524658,"Y":544.664063,"Z":2747.14282},"Vector":{"X":0.6860603,"Y":0.241408348,"Z":2747.14282},"JointType":8,"OrientationMatrix":[-0.315872133,0.849926,0.421723336,0.663212538,0.5156426,-0.5424591,-0.6785086,0.108344495,-0.7265587]},{"Location":{"X":507.414,"Y":575.918152,"Z":2706.39673},"Vector":{"X":0.6834,"Y":0.222453132,"Z":2706.39673},"JointType":9,"OrientationMatrix":[-0.315872133,0.849926,0.421723336,0.663212538,0.5156426,-0.5424591,-0.6785086,0.108344495,-0.7265587]},{"Location":{"X":0.0,"Y":0.0,"Z":0.0},"Vector":{"X":0.0,"Y":0.0,"Z":0.0},"JointType":10,"OrientationMatrix":[1.0,0.0,0.0,0.0,1.0,0.0,0.0,0.0,1.0]},{"Location":{"X":276.4344,"Y":637.2107,"Z":3059.42944},"Vector":{"X":0.5883852,"Y":0.228350058,"Z":3059.42944},"JointType":11,"OrientationMatrix":[0.9853539,0.146407008,0.0874227956,-0.146305859,0.989210248,-0.007598386,-0.0875919759,-0.005303368,0.9961423]},{"Location":{"X":119.4232,"Y":640.571533,"Z":3102.18774},"Vector":{"X":0.537657261,"Y":0.230681255,"Z":3102.18774},"JointType":12,"OrientationMatrix":[-0.08745233,0.146497265,0.985337853,0.007685638,0.989197254,-0.146388933,-0.99613905,-0.005229104,-0.08763353]},{"Location":{"X":119.4232,"Y":347.880554,"Z":3102.18774},"Vector":{"X":0.537657261,"Y":0.3537388,"Z":3102.18774},"JointType":13,"OrientationMatrix":[-0.0012303635,0.146497265,0.9892103,-0.00510392338,0.989197254,-0.146501675,-0.999986231,-0.005229104,-0.0004693615]},{"Location":{"X":119.4232,"Y":80.2332458,"Z":3102.18774},"Vector":{"X":0.537657261,"Y":0.466267139,"Z":3102.18774},"JointType":14,"OrientationMatrix":[-0.00124845584,0.146497265,0.9892103,-0.0051012435,0.989197254,-0.146501765,-0.999986231,-0.005229104,-0.000487650832]},{"Location":{"X":119.4232,"Y":-29.0149689,"Z":3102.18774},"Vector":{"X":0.537657261,"Y":0.5121989,"Z":3102.18774},"JointType":15,"OrientationMatrix":[-0.00124845584,0.146497265,0.9892103,-0.0051012435,0.989197254,-0.146501765,-0.999986231,-0.005229104,-0.000487650832]},{"Location":{"X":0.0,"Y":0.0,"Z":0.0},"Vector":{"X":0.0,"Y":0.0,"Z":0.0},"JointType":16,"OrientationMatrix":[1.0,0.0,0.0,0.0,1.0,0.0,0.0,0.0,1.0]},{"Location":{"X":318.92157,"Y":124.447067,"Z":3006.7168},"Vector":{"X":0.6037575,"Y":0.446016729,"Z":3006.7168},"JointType":17,"OrientationMatrix":[0.9742379,0.0708805844,-0.214094549,-0.159566075,0.887511,-0.432276338,0.159371272,0.4553022,0.875957]},{"Location":{"X":288.960938,"Y":-282.670868,"Z":2780.61182},"Vector":{"X":0.601654649,"Y":0.6325891,"Z":2780.61182},"JointType":18,"OrientationMatrix":[0.9742379,0.174752668,-0.142555371,-0.159566075,0.9808286,0.11186602,0.159371272,-0.08623712,0.9834449]},{"Location":{"X":208.62204,"Y":-687.610962,"Z":2833.35254},"Vector":{"X":0.5720258,"Y":0.8165258,"Z":2833.35254},"JointType":19,"OrientationMatrix":[0.9742379,0.174752668,-0.142555371,-0.159566075,0.9808286,0.11186602,0.159371272,-0.08623712,0.9834449]},{"Location":{"X":0.0,"Y":0.0,"Z":0.0},"Vector":{"X":0.0,"Y":0.0,"Z":0.0},"JointType":20,"OrientationMatrix":[1.0,0.0,0.0,0.0,1.0,0.0,0.0,0.0,1.0]},{"Location":{"X":111.245438,"Y":132.502823,"Z":3005.174},"Vector":{"X":0.536211,"Y":0.442492783,"Z":3005.174},"JointType":21,"OrientationMatrix":[0.9940223,0.054313,0.09470887,0.0228220038,0.7449449,-0.6667356,-0.106765293,0.664911449,0.739252269]},{"Location":{"X":85.05612,"Y":-211.854767,"Z":2691.33},"Vector":{"X":0.530914843,"Y":0.602668762,"Z":2691.33},"JointType":22,"OrientationMatrix":[0.9940223,-0.00334912282,0.109125867,0.0228220038,0.98382175,-0.1776906,-0.106765293,0.179118887,0.978017151]},{"Location":{"X":80.1771545,"Y":-621.6848,"Z":2619.02539},"Vector":{"X":0.529946,"Y":0.8095976,"Z":2619.02539},"JointType":23,"OrientationMatrix":[0.9940223,-0.00334912282,0.109125867,0.0228220038,0.98382175,-0.1776906,-0.106765293,0.179118887,0.978017151]},{"Location":{"X":0.0,"Y":0.0,"Z":0.0},"Vector":{"X":0.0,"Y":0.0,"Z":0.0},"JointType":24,"OrientationMatrix":[1.0,0.0,0.0,0.0,1.0,0.0,0.0,0.0,1.0]}]}},{"Ticks":"1543293756369","Skeleton":{"Joints":[{"Location":{"X":0.0,"Y":0.0,"Z":0.0},"Vector":{"X":0.0,"Y":0.0,"Z":0.0},"JointType":0,"OrientationMatrix":[1.0,0.0,0.0,0.0,1.0,0.0,0.0,0.0,1.0]},{"Location":{"X":317.23407,"Y":840.84,"Z":3045.93579},"Vector":{"X":0.601879656,"Y":0.13995263,"Z":3045.93579},"JointType":1,"OrientationMatrix":[0.965043,0.15575394,0.2107906,-0.14354071,0.9870111,-0.07214697,-0.219289839,0.0393678956,0.9748652]},{"Location":{"X":293.0312,"Y":716.4372,"Z":3057.49951},"Vector":{"X":0.593750954,"Y":0.194382131,"Z":3057.49951},"JointType":2,"OrientationMatrix":[0.965043,0.15575394,0.2107906,-0.14354071,0.9870111,-0.07214697,-0.219289839,0.0393678956,0.9748652]},{"Location":{"X":243.255753,"Y":356.3327,"Z":3065.75464},"Vector":{"X":0.5776165,"Y":0.348404855,"Z":3065.75464},"JointType":3,"OrientationMatrix":[0.965043,0.15575394,0.2107906,-0.14354071,0.9870111,-0.07214697,-0.219289839,0.0393678956,0.9748652]},{"Location":{"X":224.305756,"Y":151.176651,"Z":3009.75659},"Vector":{"X":0.5729016,"Y":0.4344881,"Z":3009.75659},"JointType":4,"OrientationMatrix":[0.9913914,0.130806148,-0.00572329527,-0.128096968,0.9599571,-0.249145463,-0.02709564,0.247733817,0.9684492]},{"Location":{"X":280.961517,"Y":629.1181,"Z":3059.50122},"Vector":{"X":0.589830637,"Y":0.231806308,"Z":3059.50122},"JointType":5,"OrientationMatrix":[0.965043,0.15575394,0.2107906,-0.14354071,0.9870111,-0.07214697,-0.219289839,0.0393678956,0.9748652]},{"Location":{"X":445.411255,"Y":595.5816,"Z":3046.9624},"Vector":{"X":0.6429955,"Y":0.245058119,"Z":3046.9624},"JointType":6,"OrientationMatrix":[0.502082348,0.722873747,0.474728137,-0.419274032,0.68356967,-0.5974461,-0.7563878,0.10092596,0.6462905]},{"Location":{"X":572.0968,"Y":477.1667,"Z":2811.134},"Vector":{"X":0.6990748,"Y":0.278611243,"Z":2811.134},"JointType":7,"OrientationMatrix":[-0.391398042,0.722873747,0.5694393,0.5254428,0.68356967,-0.5065989,-0.7554585,0.10092596,-0.6473766]},{"Location":{"X":485.604248,"Y":629.896851,"Z":2609.15625},"Vector":{"X":0.6820584,"Y":0.18512632,"Z":2609.15625},"JointType":8,"OrientationMatrix":[-0.424458,0.722873747,0.5452421,0.5545429,0.68356967,-0.47456795,-0.7157637,0.10092596,-0.6910111]},{"Location":{"X":468.305725,"Y":660.4429,"Z":2568.76074},"Vector":{"X":0.678333938,"Y":0.1646652,"Z":2568.76074},"JointType":9,"OrientationMatrix":[-0.424458,0.722873747,0.5452421,0.5545429,0.68356967,-0.47456795,-0.7157637,0.10092596,-0.6910111]},{"Location":{"X":0.0,"Y":0.0,"Z":0.0},"Vector":{"X":0.0,"Y":0.0,"Z":0.0},"JointType":10,"OrientationMatrix":[1.0,0.0,0.0,0.0,1.0,0.0,0.0,0.0,1.0]},{"Location":{"X":280.961517,"Y":629.1181,"Z":3059.50122},"Vector":{"X":0.589830637,"Y":0.231806308,"Z":3059.50122},"JointType":11,"OrientationMatrix":[0.965043,0.15575394,0.2107906,-0.14354071,0.9870111,-0.07214697,-0.219289839,0.0393678956,0.9748652]},{"Location":{"X":124.541931,"Y":649.636536,"Z":3128.81445},"Vector":{"X":0.538937151,"Y":0.2291944,"Z":3128.81445},"JointType":12,"OrientationMatrix":[-0.210818529,0.155852586,0.965021,0.07223392,0.9869931,-0.143620878,-0.974852741,0.03942931,-0.21933426]},{"Location":{"X":124.541931,"Y":356.914337,"Z":3128.81445},"Vector":{"X":0.538937151,"Y":0.351217717,"Z":3128.81445},"JointType":13,"OrientationMatrix":[-0.125897944,0.155852586,0.9797243,0.0594399534,0.9869931,-0.149370641,-0.9902609,0.03942931,-0.133524269]},{"Location":{"X":124.541931,"Y":89.32788,"Z":3128.81445},"Vector":{"X":0.538937151,"Y":0.462763,"Z":3128.81445},"JointType":14,"OrientationMatrix":[-0.12591587,0.155852586,0.979721963,0.0594426878,0.9869931,-0.149369553,-0.990258455,0.03942931,-0.133542389]},{"Location":{"X":124.541931,"Y":-19.9319839,"Z":3128.81445},"Vector":{"X":0.538937151,"Y":0.508308768,"Z":3128.81445},"JointType":15,"OrientationMatrix":[-0.12591587,0.155852586,0.979721963,0.0594426878,0.9869931,-0.149369553,-0.990258455,0.03942931,-0.133542389]},{"Location":{"X":0.0,"Y":0.0,"Z":0.0},"Vector":{"X":0.0,"Y":0.0,"Z":0.0},"JointType":16,"OrientationMatrix":[1.0,0.0,0.0,0.0,1.0,0.0,0.0,0.0,1.0]},{"Location":{"X":327.481964,"Y":124.197853,"Z":3010.82129},"Vector":{"X":0.6063973,"Y":0.446198285,"Z":3010.82129},"JointType":17,"OrientationMatrix":[0.9686651,0.07828686,-0.235709727,-0.175837755,0.8864054,-0.428213149,0.175410911,0.456241816,0.8723958]},{"Location":{"X":285.871,"Y":-283.6198,"Z":2791.06177},"Vector":{"X":0.600191057,"Y":0.632536054,"Z":2791.06177},"JointType":18,"OrientationMatrix":[0.9686651,0.190842524,-0.158956081,-0.175837755,0.9789348,0.103767633,0.175410911,-0.07256561,0.9818173]},{"Location":{"X":199.780731,"Y":-687.952759,"Z":2830.54639},"Vector":{"X":0.5690417,"Y":0.8169972,"Z":2830.54639},"JointType":19,"OrientationMatrix":[0.9686651,0.190842524,-0.158956081,-0.175837755,0.9789348,0.103767633,0.175410911,-0.07256561,0.9818173]},{"Location":{"X":0.0,"Y":0.0,"Z":0.0},"Vector":{"X":0.0,"Y":0.0,"Z":0.0},"JointType":20,"OrientationMatrix":[1.0,0.0,0.0,0.0,1.0,0.0,0.0,0.0,1.0]},{"Location":{"X":119.396553,"Y":138.409821,"Z":3006.209},"Vector":{"X":0.5388509,"Y":0.439949781,"Z":3006.209},"JointType":21,"OrientationMatrix":[0.992254436,0.08823163,0.0874429345,-0.007155843,0.743354857,-0.668859,-0.124015644,0.6630526,0.738228559]},{"Location":{"X":72.75954,"Y":-211.863556,"Z":2703.76123},"Vector":{"X":0.5263239,"Y":0.6022009,"Z":2703.76123},"JointType":22,"OrientationMatrix":[0.992254436,0.0306335185,0.120385528,-0.007155843,0.9816029,-0.1907998,-0.124015644,0.1884605,0.974219]},{"Location":{"X":61.8802376,"Y":-618.0095,"Z":2617.838},"Vector":{"X":0.523122668,"Y":0.8079069,"Z":2617.838},"JointType":23,"OrientationMatrix":[0.992254436,0.0306335185,0.120385528,-0.007155843,0.9816029,-0.1907998,-0.124015644,0.1884605,0.974219]},{"Location":{"X":0.0,"Y":0.0,"Z":0.0},"Vector":{"X":0.0,"Y":0.0,"Z":0.0},"JointType":24,"OrientationMatrix":[1.0,0.0,0.0,0.0,1.0,0.0,0.0,0.0,1.0]}]}},{"Ticks":"1543293756411","Skeleton":{"Joints":[{"Location":{"X":0.0,"Y":0.0,"Z":0.0},"Vector":{"X":0.0,"Y":0.0,"Z":0.0},"JointType":0,"OrientationMatrix":[1.0,0.0,0.0,0.0,1.0,0.0,0.0,0.0,1.0]},{"Location":{"X":318.985352,"Y":841.759949,"Z":3047.513},"Vector":{"X":0.602389038,"Y":0.13974525,"Z":3047.513},"JointType":1,"OrientationMatrix":[0.968190253,0.141143247,0.2066064,-0.138832629,0.989981949,-0.025714919,-0.2081661,-0.003786776,0.9780862]},{"Location":{"X":299.314545,"Y":716.2191,"Z":3057.73486},"Vector":{"X":0.595753849,"Y":0.194498688,"Z":3057.73486},"JointType":2,"OrientationMatrix":[0.968190253,0.141143247,0.2066064,-0.138832629,0.989981949,-0.025714919,-0.2081661,-0.003786776,0.9780862]},{"Location":{"X":250.9741,"Y":357.485321,"Z":3069.526},"Vector":{"X":0.57998085,"Y":0.348101348,"Z":3069.526},"JointType":3,"OrientationMatrix":[0.968190253,0.141143247,0.2066064,-0.138832629,0.989981949,-0.025714919,-0.2081661,-0.003786776,0.9780862]},{"Location":{"X":232.53392,"Y":152.406311,"Z":3012.9668},"Vector":{"X":0.575495362,"Y":0.4340256,"Z":3012.9668},"JointType":4,"OrientationMatrix":[0.9902491,0.138931349,0.0102398712,-0.1322334,0.9605431,-0.244686142,-0.0438304134,0.240946174,0.9695483]},{"Location":{"X":287.544159,"Y":628.8712,"Z":3060.606},"Vector":{"X":0.591902137,"Y":0.232008308,"Z":3060.606},"JointType":5,"OrientationMatrix":[0.968190253,0.141143247,0.2066064,-0.138832629,0.989981949,-0.025714919,-0.2081661,-0.003786776,0.9780862]},{"Location":{"X":460.750549,"Y":607.061646,"Z":3047.04663},"Vector":{"X":0.647915959,"Y":0.2401512,"Z":3047.04663},"JointType":6,"OrientationMatrix":[0.541591465,0.788889349,0.290400237,-0.577624857,0.600214064,-0.553256333,-0.610760331,0.1318965,0.7807529]},{"Location":{"X":614.3278,"Y":440.329926,"Z":2861.77832},"Vector":{"X":0.709987044,"Y":0.299317628,"Z":2861.77832},"JointType":7,"OrientationMatrix":[-0.307409585,0.788889349,0.5321212,0.5712752,0.600214064,-0.5598105,-0.7610151,0.1318965,-0.635184467]},{"Location":{"X":531.833557,"Y":590.77594,"Z":2652.98682},"Vector":{"X":0.696096063,"Y":0.209561139,"Z":2652.98682},"JointType":8,"OrientationMatrix":[-0.345238,0.788889349,0.5083939,0.610417664,0.600214064,-0.516849458,-0.712882161,0.1318965,-0.6887687]},{"Location":{"X":515.3347,"Y":620.8651,"Z":2611.22852},"Vector":{"X":0.693051338,"Y":0.189887419,"Z":2611.22852},"JointType":9,"OrientationMatrix":[-0.345238,0.788889349,0.5083939,0.610417664,0.600214064,-0.516849458,-0.712882161,0.1318965,-0.6887687]},{"Location":{"X":0.0,"Y":0.0,"Z":0.0},"Vector":{"X":0.0,"Y":0.0,"Z":0.0},"JointType":10,"OrientationMatrix":[1.0,0.0,0.0,0.0,1.0,0.0,0.0,0.0,1.0]},{"Location":{"X":287.544159,"Y":628.8712,"Z":3060.606},"Vector":{"X":0.591902137,"Y":0.232008308,"Z":3060.606},"JointType":11,"OrientationMatrix":[0.968190253,0.141143247,0.2066064,-0.138832629,0.989981949,-0.025714919,-0.2081661,-0.003786776,0.9780862]},{"Location":{"X":128.664566,"Y":658.645264,"Z":3132.93457},"Vector":{"X":0.5401732,"Y":0.225800112,"Z":3132.93457},"JointType":12,"OrientationMatrix":[-0.206635654,0.141241819,0.9681696,0.02580192,0.9899681,-0.138915017,-0.9780777,-0.003724158,-0.208207011]},{"Location":{"X":128.664566,"Y":365.883,"Z":3132.93457},"Vector":{"X":0.5401732,"Y":0.347679645,"Z":3132.93457},"JointType":13,"OrientationMatrix":[-0.121456534,0.141241819,0.9824963,0.0135948826,0.9899681,-0.140635341,-0.992503643,-0.003724158,-0.122158259]},{"Location":{"X":128.664566,"Y":95.6364746,"Z":3132.93457},"Vector":{"X":0.5401732,"Y":0.460185677,"Z":3132.93457},"JointType":14,"OrientationMatrix":[-0.121474504,0.141241819,0.9824941,0.0135974549,0.9899681,-0.140635088,-0.992501438,-0.003724158,-0.122176416]},{"Location":{"X":128.664566,"Y":-13.6383438,"Z":3132.93457},"Vector":{"X":0.5401732,"Y":0.50567776,"Z":3132.93457},"JointType":15,"OrientationMatrix":[-0.121474504,0.141241819,0.9824941,0.0135974549,0.9899681,-0.140635088,-0.992501438,-0.003724158,-0.122176416]},{"Location":{"X":0.0,"Y":0.0,"Z":0.0},"Vector":{"X":0.0,"Y":0.0,"Z":0.0},"JointType":16,"OrientationMatrix":[1.0,0.0,0.0,0.0,1.0,0.0,0.0,0.0,1.0]},{"Location":{"X":333.075439,"Y":125.122177,"Z":3019.29956},"Vector":{"X":0.607910752,"Y":0.445950061,"Z":3019.29956},"JointType":17,"OrientationMatrix":[0.968135834,0.0964214653,-0.231118932,-0.1