[{"Ticks":"1543291782884","Skeleton":{"Joints":[{"Location":{"X":0.0,"Y":0.0,"Z":0.0},"Vector":{"X":0.0,"Y":0.0,"Z":0.0},"JointType":0,"OrientationMatrix":[1.0,0.0,0.0,0.0,1.0,0.0,0.0,0.0,1.0]},{"Location":{"X":280.8196,"Y":-123.363876,"Z":3358.12622},"Vector":{"X":0.581801057,"Y":0.5479135,"Z":3358.12622},"JointType":1,"OrientationMatrix":[0.00793088,-0.9797713,0.199963242,-0.9872166,-0.03950518,-0.1544111,0.159187153,-0.196182415,-0.967559755]},{"Location":{"X":283.930756,"Y":-192.615967,"Z":3343.67822},"Vector":{"X":0.5830647,"Y":0.5751337,"Z":3343.67822},"JointType":2,"OrientationMatrix":[0.00793088,-0.9797713,0.199963242,-0.9872166,-0.03950518,-0.1544111,0.159187153,-0.196182415,-0.967559755]},{"Location":{"X":263.034668,"Y":-370.494934,"Z":3416.91968},"Vector":{"X":0.575302,"Y":0.6414212,"Z":3416.91968},"JointType":3,"OrientationMatrix":[0.00793088,-0.9797713,0.199963242,-0.9872166,-0.03950518,-0.1544111,0.159187153,-0.196182415,-0.967559755]},{"Location":{"X":282.0998,"Y":-457.6413,"Z":3340.371},"Vector":{"X":0.5826107,"Y":0.6786889,"Z":3340.371},"JointType":4,"OrientationMatrix":[1.0,0.0,0.0,0.0,1.0,0.0,0.0,0.0,1.0]},{"Location":{"X":278.6884,"Y":-237.242,"Z":3362.053},"Vector":{"X":0.5810854,"Y":0.592035234,"Z":3362.053},"JointType":5,"OrientationMatrix":[0.00793088,-0.9797713,0.199963242,-0.9872166,-0.03950518,-0.1544111,0.159187153,-0.196182415,-0.967559755]},{"Location":{"X":360.885681,"Y":-239.755417,"Z":3412.07},"Vector":{"X":0.6034618,"Y":0.59164685,"Z":3412.07},"JointType":6,"OrientationMatrix":[0.0515965819,0.997651339,0.04505135,0.4959984,0.0135543905,-0.868217647,-0.8667891,0.0671424642,-0.4941341]},{"Location":{"X":311.97702,"Y":-332.056976,"Z":3287.358},"Vector":{"X":0.59283334,"Y":0.6317445,"Z":3287.358},"JointType":7,"OrientationMatrix":[0.0523749776,0.997651339,0.0441440046,0.480770379,0.0135543905,-0.876741767,-0.8752809,0.0671424642,-0.478931278]},{"Location":{"X":190.4979,"Y":-253.954,"Z":3245.978},"Vector":{"X":0.557408035,"Y":0.6020414,"Z":3245.978},"JointType":8,"OrientationMatrix":[0.0528798662,0.997651339,0.04353793,0.470641971,0.0135543905,-0.882220149,-0.880738258,0.0671424642,-0.468819827]},{"Location":{"X":166.202072,"Y":-238.3334,"Z":3237.70215},"Vector":{"X":0.55021435,"Y":0.5960097,"Z":3237.70215},"JointType":9,"OrientationMatrix":[0.0528798662,0.997651339,0.04353793,0.470641971,0.0135543905,-0.882220149,-0.880738258,0.0671424642,-0.468819827]},{"Location":{"X":0.0,"Y":0.0,"Z":0.0},"Vector":{"X":0.0,"Y":0.0,"Z":0.0},"JointType":10,"OrientationMatrix":[1.0,0.0,0.0,0.0,1.0,0.0,0.0,0.0,1.0]},{"Location":{"X":278.6884,"Y":-237.242,"Z":3362.053},"Vector":{"X":0.5810854,"Y":0.592035234,"Z":3362.053},"JointType":11,"OrientationMatrix":[0.00793088,-0.9797713,0.199963242,-0.9872166,-0.03950518,-0.1544111,0.159187153,-0.196182415,-0.967559755]},{"Location":{"X":220.130844,"Y":-268.703552,"Z":3289.25513},"Vector":{"X":0.565465331,"Y":0.6065474,"Z":3289.25513},"JointType":12,"OrientationMatrix":[0.9988611,0.0434853174,-0.0196347646,-0.0290103387,0.226805255,-0.973508,-0.037880037,0.9729689,0.227808475]},{"Location":{"X":220.130844,"Y":-431.383484,"Z":3289.25513},"Vector":{"X":0.565465331,"Y":0.6710539,"Z":3289.25513},"JointType":13,"OrientationMatrix":[0.9970612,0.0434853174,-0.06307164,-0.0713353455,0.226805255,-0.971324146,-0.027933361,0.9729689,0.22924076]},{"Location":{"X":220.130844,"Y":-581.615234,"Z":3289.25513},"Vector":{"X":0.565465331,"Y":0.7306244,"Z":3289.25513},"JointType":14,"OrientationMatrix":[0.9973729,0.0434853174,-0.0579329,-0.06632912,0.226805255,-0.971678853,-0.029114278,0.9729689,0.229093775]},{"Location":{"X":220.130844,"Y":-641.7703,"Z":3289.25513},"Vector":{"X":0.565465331,"Y":0.7544773,"Z":3289.25513},"JointType":15,"OrientationMatrix":[0.9973729,0.0434853174,-0.0579329,-0.06632912,0.226805255,-0.971678853,-0.029114278,0.9729689,0.229093775]},{"Location":{"X":0.0,"Y":0.0,"Z":0.0},"Vector":{"X":0.0,"Y":0.0,"Z":0.0},"JointType":16,"OrientationMatrix":[1.0,0.0,0.0,0.0,1.0,0.0,0.0,0.0,1.0]},{"Location":{"X":325.653,"Y":-463.014252,"Z":3334.7373},"Vector":{"X":0.59552604,"Y":0.6810922,"Z":3334.7373},"JointType":17,"OrientationMatrix":[1.0,-6.987009E-27,-1.37780466E-13,0.0,1.0,-5.071117E-14,1.37780466E-13,5.071117E-14,1.0]},{"Location":{"X":325.653,"Y":-703.8459,"Z":3334.7373},"Vector":{"X":0.59552604,"Y":0.7752853,"Z":3334.7373},"JointType":18,"OrientationMatrix":[1.0,2.39253265E-14,-1.35687265E-13,0.0,0.9848077,0.173648179,1.37780466E-13,-0.173648179,0.9848077]},{"Location":{"X":325.653,"Y":-930.3844,"Z":3334.7373},"Vector":{"X":0.59552604,"Y":0.863888,"Z":3334.7373},"JointType":19,"OrientationMatrix":[1.0,2.39253265E-14,-1.35687265E-13,0.0,0.9848077,0.173648179,1.37780466E-13,-0.173648179,0.9848077]},{"Location":{"X":0.0,"Y":0.0,"Z":0.0},"Vector":{"X":0.0,"Y":0.0,"Z":0.0},"JointType":20,"OrientationMatrix":[1.0,0.0,0.0,0.0,1.0,0.0,0.0,0.0,1.0]},{"Location":{"X":219.14064,"Y":-468.8717,"Z":3358.26636},"Vector":{"X":0.5638317,"Y":0.6820983,"Z":3358.26636},"JointType":21,"OrientationMatrix":[1.0,0.0,-9.011353E-14,0.0,1.0,0.0,9.011353E-14,0.0,1.0]},{"Location":{"X":219.14064,"Y":-709.703369,"Z":3358.26636},"Vector":{"X":0.5638317,"Y":0.7756315,"Z":3358.26636},"JointType":22,"OrientationMatrix":[1.0,1.56480511E-14,-8.87445E-14,-2.019484E-28,0.9848077,0.173648179,9.011353E-14,-0.173648179,0.9848077]},{"Location":{"X":219.14064,"Y":-936.2418,"Z":3358.26636},"Vector":{"X":0.5638317,"Y":0.8636134,"Z":3358.26636},"JointType":23,"OrientationMatrix":[1.0,1.56480511E-14,-8.87445E-14,-2.019484E-28,0.9848077,0.173648179,9.011353E-14,-0.173648179,0.9848077]},{"Location":{"X":0.0,"Y":0.0,"Z":0.0},"Vector":{"X":0.0,"Y":0.0,"Z":0.0},"JointType":24,"OrientationMatrix":[1.0,0.0,0.0,0.0,1.0,0.0,0.0,0.0,1.0]}]}},{"Ticks":"1543291782960","Skeleton":{"Joints":[{"Location":{"X":0.0,"Y":0.0,"Z":0.0},"Vector":{"X":0.0,"Y":0.0,"Z":0.0},"JointType":0,"OrientationMatrix":[1.0,0.0,0.0,0.0,1.0,0.0,0.0,0.0,1.0]},{"Location":{"X":286.493469,"Y":-86.19875,"Z":3366.335},"Vector":{"X":0.5832503,"Y":0.533397257,"Z":3366.335},"JointType":1,"OrientationMatrix":[-0.0642147139,-0.108812287,-0.9919861,-0.932621,0.360254258,0.0208550338,0.35509792,0.926486254,-0.124614246]},{"Location":{"X":294.266266,"Y":-154.153839,"Z":3347.40137},"Vector":{"X":0.5859926,"Y":0.560063958,"Z":3347.40137},"JointType":2,"OrientationMatrix":[-0.0642147139,-0.108812287,-0.9919861,-0.932621,0.360254258,0.0208550338,0.35509792,0.926486254,-0.124614246]},{"Location":{"X":269.1899,"Y":-340.2415,"Z":3395.90454},"Vector":{"X":0.577541,"Y":0.6306769,"Z":3395.90454},"JointType":3,"OrientationMatrix":[-0.0642147139,-0.108812287,-0.9919861,-0.932621,0.360254258,0.0208550338,0.35509792,0.926486254,-0.124614246]},{"Location":{"X":276.4948,"Y":-451.6523,"Z":3358.30176},"Vector":{"X":0.580537,"Y":0.6754089,"Z":3358.30176},"JointType":4,"OrientationMatrix":[1.0,0.0,0.0,0.0,1.0,0.0,0.0,0.0,1.0]},{"Location":{"X":287.975128,"Y":-200.839264,"Z":3359.56982},"Vector":{"X":0.5838493,"Y":0.5779708,"Z":3359.56982},"JointType":5,"OrientationMatrix":[-0.0642147139,-0.108812287,-0.9919861,-0.932621,0.360254258,0.0208550338,0.35509792,0.926486254,-0.124614246]},{"Location":{"X":326.143616,"Y":-230.871887,"Z":3272.21484},"Vector":{"X":0.59749794,"Y":0.592022955,"Z":3272.21484},"JointType":6,"OrientationMatrix":[-0.514494538,0.344521731,-0.7852389,0.422202528,-0.6952673,-0.5816772,-0.7463514,-0.6307996,0.212253273]},{"Location":{"X":272.755737,"Y":-375.2845,"Z":3220.25879},"Vector":{"X":0.5828536,"Y":0.6519976,"Z":3220.25879},"JointType":7,"OrientationMatrix":[-0.528120458,0.344521731,-0.776140153,0.41198656,-0.6952673,-0.5889571,-0.7425334,-0.6307996,0.225246578]},{"Location":{"X":198.504562,"Y":-243.671265,"Z":3204.43848},"Vector":{"X":0.5605964,"Y":0.59917897,"Z":3204.43848},"JointType":8,"OrientationMatrix":[-0.5370234,0.344521731,-0.7700069,0.405176848,-0.6952673,-0.593662441,-0.7398902,-0.6307996,0.233782619]},{"Location":{"X":169.041473,"Y":-191.446747,"Z":3198.161},"Vector":{"X":0.551703632,"Y":0.578075469,"Z":3198.161},"JointType":9,"OrientationMatrix":[-0.5370234,0.344521731,-0.7700069,0.405176848,-0.6952673,-0.593662441,-0.7398902,-0.6307996,0.233782619]},{"Location":{"X":0.0,"Y":0.0,"Z":0.0},"Vector":{"X":0.0,"Y":0.0,"Z":0.0},"JointType":10,"OrientationMatrix":[1.0,0.0,0.0,0.0,1.0,0.0,0.0,0.0,1.0]},{"Location":{"X":287.975128,"Y":-200.839264,"Z":3359.56982},"Vector":{"X":0.5838493,"Y":0.5779708,"Z":3359.56982},"JointType":11,"OrientationMatrix":[-0.0642147139,-0.108812287,-0.9919861,-0.932621,0.360254258,0.0208550338,0.35509792,0.926486254,-0.124614246]},{"Location":{"X":195.855286,"Y":-143.93161,"Z":3294.81226},"Vector":{"X":0.5581478,"Y":0.5569761,"Z":3294.81226},"JointType":12,"OrientationMatrix":[-0.1353401,0.990767062,0.007982781,-0.37292558,-0.043474406,-0.9268422,-0.9179377,-0.1284159,0.3753662]},{"Location":{"X":195.855286,"Y":-306.4271,"Z":3294.81226},"Vector":{"X":0.5581478,"Y":0.621300757,"Z":3294.81226},"JointType":13,"OrientationMatrix":[-0.134864673,0.990767062,0.0138631957,-0.4128948,-0.043474406,-0.909740567,-0.900738239,-0.1284159,0.414945722]},{"Location":{"X":195.855286,"Y":-458.3664,"Z":3294.81226},"Vector":{"X":0.5581478,"Y":0.681446731,"Z":3294.81226},"JointType":14,"OrientationMatrix":[-0.134934321,0.990767062,0.0131680472,-0.408201367,-0.043474406,-0.9118561,-0.9028645,-0.1284159,0.410298645]},{"Location":{"X":195.855286,"Y":-518.6564,"Z":3294.81226},"Vector":{"X":0.5581478,"Y":0.7053128,"Z":3294.81226},"JointType":15,"OrientationMatrix":[-0.134934321,0.990767062,0.0131680472,-0.408201367,-0.043474406,-0.9118561,-0.9028645,-0.1284159,0.410298645]},{"Location":{"X":0.0,"Y":0.0,"Z":0.0},"Vector":{"X":0.0,"Y":0.0,"Z":0.0},"JointType":16,"OrientationMatrix":[1.0,0.0,0.0,0.0,1.0,0.0,0.0,0.0,1.0]},{"Location":{"X":331.0722,"Y":-464.935242,"Z":3333.318},"Vector":{"X":0.597157061,"Y":0.681920946,"Z":3333.318},"JointType":17,"OrientationMatrix":[1.0,-6.987009E-27,-1.37780466E-13,0.0,1.0,-5.071117E-14,1.37780466E-13,5.071117E-14,1.0]},{"Location":{"X":331.0722,"Y":-706.3069,"Z":3333.318},"Vector":{"X":0.597157061,"Y":0.7763654,"Z":3333.318},"JointType":18,"OrientationMatrix":[1.0,2.39253265E-14,-1.35687265E-13,0.0,0.9848077,0.173648179,1.37780466E-13,-0.173648179,0.9848077]},{"Location":{"X":331.0722,"Y":-933.353333,"Z":3333.318},"Vector":{"X":0.597157061,"Y":0.8652047,"Z":3333.318},"JointType":19,"OrientationMatrix":[1.0,2.39253265E-14,-1.35687265E-13,0.0,0.9848077,0.173648179,1.37780466E-13,-0.173648179,0.9848077]},{"Location":{"X":0.0,"Y":0.0,"Z":0.0},"Vector":{"X":0.0,"Y":0.0,"Z":0.0},"JointType":20,"OrientationMatrix":[1.0,0.0,0.0,0.0,1.0,0.0,0.0,0.0,1.0]},{"Location":{"X":213.584045,"Y":-464.242981,"Z":3347.79419},"Vector":{"X":0.562407732,"Y":0.6808646,"Z":3347.79419},"JointType":21,"OrientationMatrix":[1.0,0.0,-9.011353E-14,0.0,1.0,0.0,9.011353E-14,0.0,1.0]},{"Location":{"X":213.584045,"Y":-705.6146,"Z":3347.79419},"Vector":{"X":0.562407732,"Y":0.7749007,"Z":3347.79419},"JointType":22,"OrientationMatrix":[1.0,1.56480511E-14,-8.87445E-14,-2.019484E-28,0.9848077,0.173648179,9.011353E-14,-0.173648179,0.9848077]},{"Location":{"X":213.584045,"Y":-932.6611,"Z":3347.79419},"Vector":{"X":0.562407732,"Y":0.8633558,"Z":3347.79419},"JointType":23,"OrientationMatrix":[1.0,1.56480511E-14,-8.87445E-14,-2.019484E-28,0.9848077,0.173648179,9.011353E-14,-0.173648179,0.9848077]},{"Location":{"X":0.0,"Y":0.0,"Z":0.0},"Vector":{"X":0.0,"Y":0.0,"Z":0.0},"JointType":24,"OrientationMatrix":[1.0,0.0,0.0,0.0,1.0,0.0,0.0,0.0,1.0]}]}},{"Ticks":"1543291783036","Skeleton":{"Joints":[{"Location":{"X":0.0,"Y":0.0,"Z":0.0},"Vector":{"X":0.0,"Y":0.0,"Z":0.0},"JointType":0,"OrientationMatrix":[1.0,0.0,0.0,0.0,1.0,0.0,0.0,0.0,1.0]},{"Location":{"X":265.51178,"Y":-110.632332,"Z":3402.26733},"Vector":{"X":0.57633847,"Y":0.5424112,"Z":3402.26733},"JointType":1,"OrientationMatrix":[0.2378292,0.1436406,-0.9606272,-0.95028764,-0.170226246,-0.260722935,-0.20097436,0.9748797,0.09601511]},{"Location":{"X":294.767944,"Y":-156.6936,"Z":3356.35913},"Vector":{"X":0.585909247,"Y":0.5608905,"Z":3356.35913},"JointType":2,"OrientationMatrix":[0.2378292,0.1436406,-0.9606272,-0.95028764,-0.170226246,-0.260722935,-0.20097436,0.9748797,0.09601511]},{"Location":{"X":283.044281,"Y":-349.188965,"Z":3384.26953},"Vector":{"X":0.581812143,"Y":0.6345745,"Z":3384.26953},"JointType":3,"OrientationMatrix":[0.2378292,0.1436406,-0.9606272,-0.95028764,-0.170226246,-0.260722935,-0.20097436,0.9748797,0.09601511]},{"Location":{"X":279.503448,"Y":-467.0319,"Z":3373.621},"Vector":{"X":0.581043661,"Y":0.6805582,"Z":3373.621},"JointType":4,"OrientationMatrix":[1.0,0.0,0.0,0.0,1.0,0.0,0.0,0.0,1.0]},{"Location":{"X":291.826721,"Y":-204.986572,"Z":3363.36133},"Vector":{"X":0.584875,"Y":0.5794912,"Z":3363.36133},"JointType":5,"OrientationMatrix":[0.2378292,0.1436406,-0.9606272,-0.95028764,-0.170226246,-0.260722935,-0.20097436,0.9748797,0.09601511]},{"Location":{"X":314.558655,"Y":-233.208435,"Z":3273.8916},"Vector":{"X":0.5939865,"Y":0.5929067,"Z":3273.8916},"JointType":6,"OrientationMatrix":[-0.3619374,0.9306467,-0.0538334027,0.156544089,0.0037499296,-0.987663865,-0.9189642,-0.3658998,-0.14704448]},{"Location":{"X":302.565765,"Y":-395.2196,"Z":3261.59326},"Vector":{"X":0.5907441,"Y":0.658043146,"Z":3261.59326},"JointType":7,"OrientationMatrix":[-0.358456254,0.9306467,-0.07352442,0.210263044,0.0037499296,-0.977637649,-0.909559548,-0.3658998,-0.197024792]},{"Location":{"X":271.482971,"Y":-252.098083,"Z":3224.706},"Vector":{"X":0.582353234,"Y":0.6019639,"Z":3224.706},"JointType":8,"OrientationMatrix":[-0.3592792,0.9306467,-0.06939158,0.198990673,0.0037499296,-0.979994237,-0.911768138,-0.3658998,-0.186537281]},{"Location":{"X":259.015717,"Y":-194.692322,"Z":3209.91064},"Vector":{"X":0.578933537,"Y":0.5791084,"Z":3209.91064},"JointType":9,"OrientationMatrix":[-0.3592792,0.9306467,-0.06939158,0.198990673,0.0037499296,-0.979994237,-0.911768138,-0.3658998,-0.186537281]},{"Location":{"X":0.0,"Y":0.0,"Z":0.0},"Vector":{"X":0.0,"Y":0.0,"Z":0.0},"JointType":10,"OrientationMatrix":[1.0,0.0,0.0,0.0,1.0,0.0,0.0,0.0,1.0]},{"Location":{"X":291.826721,"Y":-204.986572,"Z":3363.36133},"Vector":{"X":0.584875,"Y":0.5794912,"Z":3363.36133},"JointType":11,"OrientationMatrix":[0.2378292,0.1436406,-0.9606272,-0.95028764,-0.170226246,-0.260722935,-0.20097436,0.9748797,0.09601511]},{"Location":{"X":230.852524,"Y":-251.352966,"Z":3355.13354},"Vector":{"X":0.5673059,"Y":0.5977105,"Z":3355.13354},"JointType":12,"OrientationMatrix":[-0.363464,0.8784707,0.310134023,0.0733198449,0.358843058,-0.93051374,-0.928718567,-0.315469265,-0.194835871]},{"Location":{"X":230.852524,"Y":-414.272217,"Z":3355.13354},"Vector":{"X":0.5673059,"Y":0.6610434,"Z":3355.13354},"JointType":13,"OrientationMatrix":[-0.3496275,0.8784707,0.3256529,0.0327684134,0.358843058,-0.9328225,-0.9363156,-0.315469265,-0.1542475]},{"Location":{"X":230.852524,"Y":-565.304,"Z":3355.13354},"Vector":{"X":0.5673059,"Y":0.719755232,"Z":3355.13354},"JointType":14,"OrientationMatrix":[-0.351300955,0.8784707,0.323846936,0.03757486,0.358843058,-0.9326413,-0.9355083,-0.315469265,-0.159070313]},{"Location":{"X":230.852524,"Y":-625.882568,"Z":3355.13354},"Vector":{"X":0.5673059,"Y":0.743304431,"Z":3355.13354},"JointType":15,"OrientationMatrix":[-0.351300955,0.8784707,0.323846936,0.03757486,0.358843058,-0.9326413,-0.9355083,-0.315469265,-0.159070313]},{"Location":{"X":0.0,"Y":0.0,"Z":0.0},"Vector":{"X":0.0,"Y":0.0,"Z":0.0},"JointType":16,"OrientationMatrix":[1.0,0.0,0.0,0.0,1.0,0.0,0.0,0.0,1.0]},{"Location":{"X":346.0173,"Y":-606.177368,"Z":3366.66846},"Vector":{"X":0.600536942,"Y":0.7348369,"Z":3366.66846},"JointType":17,"OrientationMatrix":[1.0,-6.987009E-27,-1.37780466E-13,0.0,1.0,-5.071117E-14,1.37780466E-13,5.071117E-14,1.0]},{"Location":{"X":346.0173,"Y":-848.704346,"Z":3366.66846},"Vector":{"X":0.600536942,"Y":0.8287934,"Z":3366.66846},"JointType":18,"OrientationMatrix":[1.0,2.39253265E-14,-1.35687265E-13,0.0,0.9848077,0.173648179,1.37780466E-13,-0.173648179,0.9848077]},{"Location":{"X":346.0173,"Y":-1076.83752,"Z":3366.66846},"Vector":{"X":0.600536942,"Y":0.9171736,"Z":3366.66846},"JointType":19,"OrientationMatrix":[1.0,2.39253265E-14,-1.35687265E-13,0.0,0.9848077,0.173648179,1.37780466E-13,-0.173648179,0.9848077]},{"Location":{"X":0.0,"Y":0.0,"Z":0.0},"Vector":{"X":0.0,"Y":0.0,"Z":0.0},"JointType":20,"OrientationMatrix":[1.0,0.0,0.0,0.0,1.0,0.0,0.0,0.0,1.0]},{"Location":{"X":214.297516,"Y":-637.694153,"Z":3368.21582},"Vector":{"X":0.562236547,"Y":0.7469332,"Z":3368.21582},"JointType":21,"OrientationMatrix":[1.0,0.0,-9.011353E-14,0.0,1.0,0.0,9.011353E-14,0.0,1.0]},{"Location":{"X":214.297516,"Y":-880.221069,"Z":3368.21582},"Vector":{"X":0.562236547,"Y":0.8408465,"Z":3368.21582},"JointType":22,"OrientationMatrix":[1.0,1.56480511E-14,-8.87445E-14,-2.019484E-28,0.9848077,0.173648179,9.011353E-14,-0.173648179,0.9848077]},{"Location":{"X":214.297516,"Y":-1108.35425,"Z":3368.21582},"Vector":{"X":0.562236547,"Y":0.9291861,"Z":3368.21582},"JointType":23,"OrientationMatrix":[1.0,1.56480511E-14,-8.87445E-14,-2.019484E-28,0.9848077,0.173648179,9.011353E-14,-0.173648179,0.9848077]},{"Location":{"X":0.0,"Y":0.0,"Z":0.0},"Vector":{"X":0.0,"Y":0.0,"Z":0.0},"JointType":24,"OrientationMatrix":[1.0,0.0,0.0,0.0,1.0,0.0,0.0,0.0,1.0]}]}},{"Ticks":"1543291783103","Skeleton":{"Joints":[{"Location":{"X":0.0,"Y":0.0,"Z":0.0},"Vector":{"X":0.0,"Y":0.0,"Z":0.0},"JointType":0,"OrientationMatrix":[1.0,0.0,0.0,0.0,1.0,0.0,0.0,0.0,1.0]},{"Location":{"X":268.6172,"Y":-136.5166,"Z":3377.85474},"Vector":{"X":0.577789545,"Y":0.552712262,"Z":3377.85474},"JointType":1,"OrientationMatrix":[0.172092214,0.21983923,-0.960236967,-0.8345032,0.550500751,-0.023525279,0.523439348,0.805369258,0.2781934]},{"Location":{"X":291.5271,"Y":-202.742813,"Z":3359.32544},"Vector":{"X":0.58488977,"Y":0.5787155,"Z":3359.32544},"JointType":2,"OrientationMatrix":[0.172092214,0.21983923,-0.960236967,-0.8345032,0.550500751,-0.023525279,0.523439348,0.805369258,0.2781934]},{"Location":{"X":279.596344,"Y":-397.809937,"Z":3391.56323},"Vector":{"X":0.580641747,"Y":0.652982831,"Z":3391.56323},"JointType":3,"OrientationMatrix":[0.172092214,0.21983923,-0.960236967,-0.8345032,0.550500751,-0.023525279,0.523439348,0.805369258,0.2781934]},{"Location":{"X":276.512329,"Y":-515.952759,"Z":3368.95044},"Vector":{"X":0.5802876,"Y":0.699748,"Z":3368.95044},"JointType":4,"OrientationMatrix":[1.0,0.0,0.0,0.0,1.0,0.0,0.0,0.0,1.0]},{"Location":{"X":288.533936,"Y":-251.681,"Z":3367.41333},"Vector":{"X":0.58381635,"Y":0.5974812,"Z":3367.41333},"JointType":5,"OrientationMatrix":[0.172092214,0.21983923,-0.960236967,-0.8345032,0.550500751,-0.023525279,0.523439348,0.805369258,0.2781934]},{"Location":{"X":318.042877,"Y":-242.797531,"Z":3257.48242},"Vector":{"X":0.5955063,"Y":0.597214043,"Z":3257.48242},"JointType":6,"OrientationMatrix":[-0.03549759,-0.893790066,-0.447078615,-0.467139274,-0.380639464,0.7980567,-0.8834709,0.237177059,-0.40401265]},{"Location":{"X":289.8745,"Y":-405.491638,"Z":3265.11816},"Vector":{"X":0.5868439,"Y":0.661975741,"Z":3265.11816},"JointType":7,"OrientationMatrix":[-0.04329478,-0.893790066,-0.446391,-0.4531401,-0.380639464,0.806087852,-0.890387356,0.237177059,-0.3885324]},{"Location":{"X":306.513763,"Y":-254.673462,"Z":3275.29346},"Vector":{"X":0.5915436,"Y":0.6014146,"Z":3275.29346},"JointType":8,"OrientationMatrix":[-0.0484325252,-0.893790066,-0.4458628,-0.443827182,-0.380639464,0.8112528,-0.89480263,0.237177059,-0.378252983]},{"Location":{"X":313.251221,"Y":-193.605057,"Z":3279.41357},"Vector":{"X":0.593438268,"Y":0.5769994,"Z":3279.41357},"JointType":9,"OrientationMatrix":[-0.0484325252,-0.893790066,-0.4458628,-0.443827182,-0.380639464,0.8112528,-0.89480263,0.237177059,-0.378252983]},{"Location":{"X":0.0,"Y":0.0,"Z":0.0},"Vector":{"X":0.0,"Y":0.0,"Z":0.0},"JointType":10,"OrientationMatrix":[1.0,0.0,0.0,0.0,1.0,0.0,0.0,0.0,1.0]},{"Location":{"X":288.533936,"Y":-251.681,"Z":3367.41333},"Vector":{"X":0.58381635,"Y":0.5974812,"Z":3367.41333},"JointType":11,"OrientationMatrix":[0.172092214,0.21983923,-0.960236967,-0.8345032,0.550500751,-0.023525279,0.523439348,0.805369258,0.2781934]},{"Location":{"X":209.432373,"Y":-279.748627,"Z":3356.156},"Vector":{"X":0.5610422,"Y":0.608715832,"Z":3356.156},"JointType":12,"OrientationMatrix":[-0.43929565,0.864133656,0.245545,-0.565173566,-0.0533889271,-0.823242664,-0.6982823,-0.5004225,0.511839032]},{"Location":{"X":209.432373,"Y":-445.039673,"Z":3356.156},"Vector":{"X":0.5610422,"Y":0.672951162,"Z":3356.156},"JointType":13,"OrientationMatrix":[-0.4281973,0.864133656,0.2644241,-0.6004536,-0.0533889271,-0.797875345,-0.675353646,-0.5004225,0.5417332]},{"Location":{"X":209.432373,"Y":-597.1138,"Z":3356.156},"Vector":{"X":0.5610422,"Y":0.7320502,"Z":3356.156},"JointType":14,"OrientationMatrix":[-0.4295542,0.864133656,0.262214035,-0.596334159,-0.0533889271,-0.800958931,-0.6781362,-0.5004225,0.538245857]},{"Location":{"X":209.432373,"Y":-658.6907,"Z":3356.156},"Vector":{"X":0.5610422,"Y":0.755980253,"Z":3356.156},"JointType":15,"OrientationMatrix":[-0.4295542,0.864133656,0.262214035,-0.596334159,-0.0533889271,-0.800958931,-0.6781362,-0.5004225,0.538245857]},{"Location":{"X":0.0,"Y":0.0,"Z":0.0},"Vector":{"X":0.0,"Y":0.0,"Z":0.0},"JointType":16,"OrientationMatrix":[1.0,0.0,0.0,0.0,1.0,0.0,0.0,0.0,1.0]},{"Location":{"X":319.8913,"Y":-631.9759,"Z":3347.81348},"Vector":{"X":0.5934694,"Y":0.746210337,"Z":3347.81348},"JointType":17,"OrientationMatrix":[1.0,-6.987009E-27,-1.37780466E-13,0.0,1.0,-5.071117E-14,1.37780466E-13,5.071117E-14,1.0]},{"Location":{"X":319.8913,"Y":-878.499939,"Z":3347.81348},"Vector":{"X":0.5934694,"Y":0.842253149,"Z":3347.81348},"JointType":18,"OrientationMatrix":[1.0,2.39253265E-14,-1.35687265E-13,0.0,0.9848077,0.173648179,1.37780466E-13,-0.173648179,0.9848077]},{"Location":{"X":319.8913,"Y":-1110.39307,"Z":3347.81348},"Vector":{"X":0.5934694,"Y":0.932596,"Z":3347.81348},"JointType":19,"OrientationMatrix":[1.0,2.39253265E-14,-1.35687265E-13,0.0,0.9848077,0.173648179,1.37780466E-13,-0.173648179,0.9848077]},{"Location":{"X":0.0,"Y":0.0,"Z":0.0},"Vector":{"X":0.0,"Y":0.0,"Z":0.0},"JointType":20,"OrientationMatrix":[1.0,0.0,0.0,0.0,1.0,0.0,0.0,0.0,1.0]},{"Location":{"X":216.03511,"Y":-612.822266,"Z":3376.30371},"Vector":{"X":0.5625909,"Y":0.7367337,"Z":3376.30371},"JointType":21,"OrientationMatrix":[1.0,0.0,-9.011353E-14,0.0,1.0,0.0,9.011353E-14,0.0,1.0]},{"Location":{"X":216.03511,"Y":-859.3463,"Z":3376.30371},"Vector":{"X":0.5625909,"Y":0.8319661,"Z":3376.30371},"JointType":22,"OrientationMatrix":[1.0,1.56480511E-14,-8.87445E-14,-2.019484E-28,0.9848077,0.173648179,9.011353E-14,-0.173648179,0.9848077]},{"Location":{"X":216.03511,"Y":-1091.23938,"Z":3376.30371},"Vector":{"X":0.5625909,"Y":0.9215466,"Z":3376.30371},"JointType":23,"OrientationMatrix":[1.0,1.56480511E-14,-8.87445E-14,-2.019484E-28,0.9848077,0.173648179,9.011353E-14,-0.173648179,0.9848077]},{"Location":{"X":0.0,"Y":0.0,"Z":0.0},"Vector":{"X":0.0,"Y":0.0,"Z":0.0},"JointType":24,"OrientationMatrix":[1.0,0.0,0.0,0.0,1.0,0.0,0.0,0.0,1.0]}]}},{"Ticks":"1543291783172","Skeleton":{"Joints":[{"Location":{"X":0.0,"Y":0.0,"Z":0.0},"Vector":{"X":0.0,"Y":0.0,"Z":0.0},"JointType":0,"OrientationMatrix":[1.0,0.0,0.0,0.0,1.0,0.0,0.0,0.0,1.0]},{"Location":{"X":275.329926,"Y":-145.427948,"Z":3361.547},"Vector":{"X":0.580120265,"Y":0.5564255,"Z":3361.547},"JointType":1,"OrientationMatrix":[-0.08022816,0.203104451,-0.975864768,-0.9741726,0.191334933,0.119911134,0.2110715,0.960280955,0.182508349]},{"Location":{"X":285.0049,"Y":-220.833908,"Z":3356.09131},"Vector":{"X":0.5830705,"Y":0.585822046,"Z":3356.09131},"JointType":2,"OrientationMatrix":[-0.08022816,0.203104451,-0.975864768,-0.9741726,0.191334933,0.119911134,0.2110715,0.960280955,0.182508349]},{"Location":{"X":279.1609,"Y":-425.026123,"Z":3396.72119},"Vector":{"X":0.5803939,"Y":0.663201,"Z":3396.72119},"JointType":3,"OrientationMatrix":[-0.08022816,0.203104451,-0.975864768,-0.9741726,0.191334933,0.119911134,0.2110715,0.960280955,0.182508349]},{"Location":{"X":277.587128,"Y":-549.7306,"Z":3375.38672},"Vector":{"X":0.5804459,"Y":0.712419,"Z":3375.38672},"JointType":4,"OrientationMatrix":[1.0,0.0,0.0,0.0,1.0,0.0,0.0,0.0,1.0]},{"Location":{"X":283.538757,"Y":-272.061371,"Z":3366.28442},"Vector":{"X":0.582392931,"Y":0.605410337,"Z":3366.28442},"JointType":5,"OrientationMatrix":[-0.08022816,0.203104451,-0.975864768,-0.9741726,0.191334933,0.119911134,0.2110715,0.960280955,0.182508349]},{"Location":{"X":301.4805,"Y":-333.6765,"Z":3331.06543},"Vector":{"X":0.5885328,"Y":0.63065,"Z":3331.06543},"JointType":6,"OrientationMatrix":[-0.938133061,-0.2698902,-0.216946244,-0.262526363,0.145805627,0.9538452,-0.225801483,0.95178777,-0.207638368]},{"Location":{"X":301.4805,"Y":-507.352325,"Z":3331.06543},"Vector":{"X":0.5885328,"Y":0.698652267,"Z":3331.06543},"JointType":7,"OrientationMatrix":[-0.9417764,-0.2698902,-0.200540528,-0.245839477,0.145805627,0.958281636,-0.229390889,0.95178777,-0.203665972]},{"Location":{"X":301.4805,"Y":-666.656738,"Z":3331.06543},"Vector":{"X":0.5885328,"Y":0.7610274,"Z":3331.06543},"JointType":8,"OrientationMatrix":[-0.9440234,-0.2698902,-0.189681783,-0.234787658,0.145805627,0.961049139,-0.231721073,0.95178777,-0.201010808]},{"Location":{"X":301.4805,"Y":-731.406,"Z":3331.06543},"Vector":{"X":0.5885328,"Y":0.7863798,"Z":3331.06543},"JointType":9,"OrientationMatrix":[-0.9440234,-0.2698902,-0.189681783,-0.234787658,0.145805627,0.961049139,-0.231721073,0.95178777,-0.201010808]},{"Location":{"X":0.0,"Y":0.0,"Z":0.0},"Vector":{"X":0.0,"Y":0.0,"Z":0.0},"JointType":10,"OrientationMatrix":[1.0,0.0,0.0,0.0,1.0,0.0,0.0,0.0,1.0]},{"Location":{"X":283.538757,"Y":-272.061371,"Z":3366.28442},"Vector":{"X":0.582392931,"Y":0.605410337,"Z":3366.28442},"JointType":11,"OrientationMatrix":[-0.08022816,0.203104451,-0.975864768,-0.9741726,0.191334933,0.119911134,0.2110715,0.960280955,0.182508349]},{"Location":{"X":199.6283,"Y":-300.371368,"Z":3352.1145},"Vector":{"X":0.5582548,"Y":0.616871,"Z":3352.1145},"JointType":12,"OrientationMatrix":[-0.434529483,0.900643051,-0.0051225163,-0.186470047,-0.0955268145,-0.9778055,-0.881143034,-0.4239301,0.209452167]},{"Location":{"X":199.6283,"Y":-474.04718,"Z":3352.1145},"Vector":{"X":0.5582548,"Y":0.6844462,"Z":3352.1145},"JointType":13,"OrientationMatrix":[-0.434340924,0.900643051,0.0137865441,-0.22883293,-0.0955268145,-0.968767345,-0.871196568,-0.4239301,0.247588]},{"Location":{"X":199.6283,"Y":-633.3516,"Z":3352.1145},"Vector":{"X":0.5582548,"Y":0.7464297,"Z":3352.1145},"JointType":14,"OrientationMatrix":[-0.434406221,0.900643051,0.0115481811,-0.2238378,-0.0955268145,-0.9699336,-0.872460842,-0.4239301,0.243095383]},{"Location":{"X":199.6283,"Y":-698.100952,"Z":3352.1145},"Vector":{"X":0.5582548,"Y":0.7716229,"Z":3352.1145},"JointType":15,"OrientationMatrix":[-0.434406221,0.900643051,0.0115481811,-0.2238378,-0.0955268145,-0.9699336,-0.872460842,-0.4239301,0.243095383]},{"Location":{"X":0.0,"Y":0.0,"Z":0.0},"Vector":{"X":0.0,"Y":0.0,"Z":0.0},"JointType":16,"OrientationMatrix":[1.0,0.0,0.0,0.0,1.0,0.0,0.0,0.0,1.0]},{"Location":{"X":322.630646,"Y":-654.0747,"Z":3343.745},"Vector":{"X":0.594384551,"Y":0.7551298,"Z":3343.745},"JointType":17,"OrientationMatrix":[1.0,-6.987009E-27,-1.37780466E-13,0.0,1.0,-5.071117E-14,1.37780466E-13,5.071117E-14,1.0]},{"Location":{"X":322.630646,"Y":-913.2994,"Z":3343.745},"Vector":{"X":0.594384551,"Y":0.856243551,"Z":3343.745},"JointType":18,"OrientationMatrix":[1.0,2.39253265E-14,-1.35687265E-13,0.0,0.9848077,0.173648179,1.37780466E-13,-0.173648179,0.9848077]},{"Location":{"X":322.630646,"Y":-1157.13928,"Z":3343.745},"Vector":{"X":0.594384551,"Y":0.951356232,"Z":3343.745},"JointType":19,"OrientationMatrix":[1.0,2.39253265E-14,-1.35687265E-13,0.0,0.9848077,0.173648179,1.37780466E-13,-0.173648179,0.9848077]},{"Location":{"X":0.0,"Y":0.0,"Z":0.0},"Vector":{"X":0.0,"Y":0.0,"Z":0.0},"JointType":20,"OrientationMatrix":[1.0,0.0,0.0,0.0,1.0,0.0,0.0,0.0,1.0]},{"Location":{"X":228.122208,"Y":-656.0548,"Z":3370.287},"Vector":{"X":0.5662108,"Y":0.7538869,"Z":3370.287},"JointType":21,"OrientationMatrix":[1.0,0.0,-9.011353E-14,0.0,1.0,0.0,9.011353E-14,0.0,1.0]},{"Location":{"X":228.122208,"Y":-915.2795,"Z":3370.287},"Vector":{"X":0.5662108,"Y":0.8542043,"Z":3370.287},"JointType":22,"OrientationMatrix":[1.0,1.56480511E-14,-8.87445E-14,-2.019484E-28,0.9848077,0.173648179,9.011353E-14,-0.173648179,0.9848077]},{"Location":{"X":228.122208,"Y":-1159.11938,"Z":3370.287},"Vector":{"X":0.5662108,"Y":0.948568,"Z":3370.287},"JointType":23,"OrientationMatrix":[1.0,1.56480511E-14,-8.87445E-14,-2.019484E-28,0.9848077,0.173648179,9.011353E-14,-0.173648179,0.9848077]},{"Location":{"X":0.0,"Y":0.0,"Z":0.0},"Vector":{"X":0.0,"Y":0.0,"Z":0.0},"JointType":24,"OrientationMatrix":[1.0,0.0,0.0,0.0,1.0,0.0,0.0,0.0,1.0]}]}},{"Ticks":"1543291783238","Skeleton":{"Joints":[{"Location":{"X":0.0,"Y":0.0,"Z":0.0},"Vector":{"X":0.0,"Y":0.0,"Z":0.0},"JointType":0,"OrientationMatrix":[1.0,0.0,0.0,0.0,1.0,0.0,0.0,0.0,1.0]},{"Location":{"X":291.841766,"Y":-139.639786,"Z":3357.26636},"Vector":{"X":0.5850335,"Y":0.5542488,"Z":3357.26636},"JointType":1,"OrientationMatrix":[-0.476849169,-0.117402725,0.8711093,0.854942739,0.168255672,0.490676,-0.204175785,0.978727043,0.02014003]},{"Location":{"X":287.426758,"Y":-222.583344,"Z":3342.98877},"Vector":{"X":0.5841048,"Y":0.586841,"Z":3342.98877},"JointType":2,"OrientationMatrix":[-0.476849169,-0.117402725,0.8711093,0.854942739,0.168255672,0.490676,-0.204175785,0.978727043,0.02014003]},{"Location":{"X":279.722,"Y":-446.9676,"Z":3384.769},"Vector":{"X":0.580839932,"Y":0.672232032,"Z":3384.769},"JointType":3,"OrientationMatrix":[-0.476849169,-0.117402725,0.8711093,0.854942739,0.168255672,0.490676,-0.204175785,0.978727043,0.02014003]},{"Location":{"X":280.289276,"Y":-581.067566,"Z":3349.22119},"Vector":{"X":0.5818636,"Y":0.726281941,"Z":3349.22119},"JointType":4,"OrientationMatrix":[1.0,0.0,0.0,0.0,1.0,0.0,0.0,0.0,1.0]},{"Location":{"X":285.4938,"Y":-278.876556,"Z":3353.47046},"Vector":{"X":0.58327806,"Y":0.6084637,"Z":3353.47046},"JointType":5,"OrientationMatrix":[-0.476849169,-0.117402725,0.8711093,0.854942739,0.168255672,0.490676,-0.204175785,0.978727043,0.02014003]},{"Location":{"X":312.048065,"Y":-288.2141,"Z":3443.44751},"Vector":{"X":0.5886454,"Y":0.6091663,"Z":3443.44751},"JointType":6,"OrientationMatrix":[0.6527797,0.253445357,0.7138936,0.578796148,0.441129953,-0.6858567,-0.48874703,0.8609122,0.1412675]},{"Location":{"X":312.048065,"Y":-478.5525,"Z":3443.44751},"Vector":{"X":0.5886454,"Y":0.681260467,"Z":3443.44751},"JointType":7,"OrientationMatrix":[0.665139437,0.253445357,0.70239234,0.5667381,0.441129953,-0.6958536,-0.486207128,0.8609122,0.149775788]},{"Location":{"X":312.048065,"Y":-652.796936,"Z":3443.44751},"Vector":{"X":0.5886454,"Y":0.7472588,"Z":3443.44751},"JointType":8,"OrientationMatrix":[0.673184037,0.253445357,0.694686,0.55868715,0.441129953,-0.702334,-0.4844501,0.8609122,0.15536499]},{"Location":{"X":312.048065,"Y":-723.792969,"Z":3443.44751},"Vector":{"X":0.5886454,"Y":0.7741498,"Z":3443.44751},"JointType":9,"OrientationMatrix":[0.673184037,0.253445357,0.694686,0.55868715,0.441129953,-0.702334,-0.4844501,0.8609122,0.15536499]},{"Location":{"X":0.0,"Y":0.0,"Z":0.0},"Vector":{"X":0.0,"Y":0.0,"Z":0.0},"JointType":10,"OrientationMatrix":[1.0,0.0,0.0,0.0,1.0,0.0,0.0,0.0,1.0]},{"Location":{"X":285.4938,"Y":-278.876556,"Z":3353.47046},"Vector":{"X":0.58327806,"Y":0.6084637,"Z":3353.47046},"JointType":11,"OrientationMatrix":[-0.476849169,-0.117402725,0.8711093,0.854942739,0.168255672,0.490676,-0.204175785,0.978727043,0.02014003]},{"Location":{"X":200.4907,"Y":-308.86673,"Z":3344.68262},"Vector":{"X":0.5586364,"Y":0.620443463,"Z":3344.68262},"JointType":12,"OrientationMatrix":[0.309151769,-0.7817876,-0.5415103,-0.0189313218,-0.574350059,0.818390846,-0.950824261,-0.242755488,-0.192361623]},{"Location":{"X":200.4907,"Y":-499.2051,"Z":3344.68262},"Vector":{"X":0.5586364,"Y":0.6946665,"Z":3344.68262},"JointType":13,"OrientationMatrix":[0.285300672,-0.7817876,-0.554447234,0.0166907087,-0.574350059,0.8184396,-0.9582927,-0.242755488,-0.150813878]},{"Location":{"X":200.4907,"Y":-673.4496,"Z":3344.68262},"Vector":{"X":0.5586364,"Y":0.7626136,"Z":3344.68262},"JointType":14,"OrientationMatrix":[0.288153976,-0.7817876,-0.552969754,0.0124730263,-0.574350059,0.818514764,-0.957502842,-0.242755488,-0.155749992]},{"Location":{"X":200.4907,"Y":-744.4456,"Z":3344.68262},"Vector":{"X":0.5586364,"Y":0.7902987,"Z":3344.68262},"JointType":15,"OrientationMatrix":[0.288153976,-0.7817876,-0.552969754,0.0124730263,-0.574350059,0.818514764,-0.957502842,-0.242755488,-0.155749992]},{"Location":{"X":0.0,"Y":0.0,"Z":0.0},"Vector":{"X":0.0,"Y":0.0,"Z":0.0},"JointType":16,"OrientationMatrix":[1.0,0.0,0.0,0.0,1.0,0.0,0.0,0.0,1.0]},{"Location":{"X":334.7237,"Y":-645.6454,"Z":3364.211},"Vector":{"X":0.597326636,"Y":0.7503098,"Z":3364.211},"JointType":17,"OrientationMatrix":[1.0,-6.987009E-27,-1.37780466E-13,0.0,1.0,-5.071117E-14,1.37780466E-13,5.071117E-14,1.0]},{"Location":{"X":334.7237,"Y":-929.8789,"Z":3364.211},"Vector":{"X":0.597326636,"Y":0.8605041,"Z":3364.211},"JointType":18,"OrientationMatrix":[1.0,2.39253265E-14,-1.35687265E-13,0.0,0.9848077,0.173648179,1.37780466E-13,-0.173648179,0.9848077]},{"Location":{"X":334.7237,"Y":-1197.24341,"Z":3364.211},"Vector":{"X":0.597326636,"Y":0.9641584,"Z":3364.211},"JointType":19,"OrientationMatrix":[1.0,2.39253265E-14,-1.35687265E-13,0.0,0.9848077,0.173648179,1.37780466E-13,-0.173648179,0.9848077]},{"Location":{"X":0.0,"Y":0.0,"Z":0.0},"Vector":{"X":0.0,"Y":0.0,"Z":0.0},"JointType":20,"OrientationMatrix":[1.0,0.0,0.0,0.0,1.0,0.0,0.0,0.0,1.0]},{"Location":{"X":233.020386,"Y":-648.9258,"Z":3372.388},"Vector":{"X":0.567590356,"Y":0.750971556,"Z":3372.388},"JointType":21,"OrientationMatrix":[1.0,0.0,-9.011353E-14,0.0,1.0,0.0,9.011353E-14,0.0,1.0]},{"Location":{"X":233.020386,"Y":-933.1593,"Z":3372.388},"Vector":{"X":0.567590356,"Y":0.8608987,"Z":3372.388},"JointType":22,"OrientationMatrix":[1.0,1.56480511E-14,-8.87445E-14,-2.019484E-28,0.9848077,0.173648179,9.011353E-14,-0.173648179,0.9848077]},{"Location":{"X":233.020386,"Y":-1200.5238,"Z":3372.388},"Vector":{"X":0.567590356,"Y":0.9643017,"Z":3372.388},"JointType":23,"OrientationMatrix":[1.0,1.56480511E-14,-8.87445E-14,-2.019484E-28,0.9848077,0.173648179,9.011353E-14,-0.173648179,0.9848077]},{"Location":{"X":0.0,"Y":0.0,"Z":0.0},"Vector":{"X":0.0,"Y":0.0,"Z":0.0},"JointType":24,"OrientationMatrix":[1.0,0.0,0.0,0.0,1.0,0.0,0.0,0.0,1.0]}]}},{"Ticks":"1543291783309","Skeleton":{"Joints":[{"Location":{"X":0.0,"Y":0.0,"Z":0.0},"Vector":{"X":0.0,"Y":0.0,"Z":0.0},"JointType":0,"OrientationMatrix":[1.0,0.0,0.0,0.0,1.0,0.0,0.0,0.0,1.0]},{"Location":{"X":286.51413,"Y":-138.4962,"Z":3375.06714},"Vector":{"X":0.583040833,"Y":0.5535208,"Z":3375.06714},"JointType":1,"OrientationMatrix":[0.9556736,-0.06593746,-0.286949873,-0.2501965,0.331891716,-0.9095326,0.155208558,0.9410102,0.300682843]},{"Location":{"X":288.976685,"Y":-221.326691,"Z":3337.6084},"Vector":{"X":0.584694564,"Y":0.5864899,"Z":3337.6084},"JointType":2,"OrientationMatrix":[0.9556736,-0.06593746,-0.286949873,-0.2501965,0.331891716,-0.9095326,0.155208558,0.9410102,0.300682843]},{"Location":{"X":285.3118,"Y":-457.7812,"Z":3385.21924},"Vector":{"X":0.5824444,"Y":0.676375449,"Z":3385.21924},"JointType":3,"OrientationMatrix":[0.9556736,-0.06593746,-0.286949873,-0.2501965,0.331891716,-0.9095326,0.155208558,0.9410102,0.300682843]},{"Location":{"X":286.9642,"Y":-600.7606,"Z":3353.1394},"Vector":{"X":0.5837152,"Y":0.7336775,"Z":3353.1394},"JointType":4,"OrientationMatrix":[1.0,0.0,0.0,0.0,1.0,0.0,0.0,0.0,1.0]},{"Location":{"X":288.057251,"Y":-280.648071,"Z":3349.553},"Vector":{"X":0.584124,"Y":0.6092804,"Z":3349.553},"JointType":5,"OrientationMatrix":[0.9556736,-0.06593746,-0.286949873,-0.2501965,0.331891716,-0.9095326,0.155208558,0.9410102,0.300682843]},{"Location":{"X":352.117371,"Y":-284.2642,"Z":3245.36279},"Vector":{"X":0.6061335,"Y":0.614242,"Z":3245.36279},"JointType":6,"OrientationMatrix":[0.0591221526,-0.111989856,-0.991949,-0.989322245,-0.139178753,-0.0432524756,-0.133214384,0.9839144,-0.1190226]},{"Location":{"X":352.117371,"Y":-485.264343,"Z":3245.36279},"Vector":{"X":0.6061335,"Y":0.695021331,"Z":3245.36279},"JointType":7,"OrientationMatrix":[0.04180125,-0.111989856,-0.99282974,-0.9899264,-0.139178753,-0.0259798355,-0.135271326,0.9839144,-0.116679564]},{"Location":{"X":352.117371,"Y":-669.0683,"Z":3245.36279},"Vector":{"X":0.6061335,"Y":0.7688897,"Z":3245.36279},"JointType":8,"OrientationMatrix":[0.030365102,-0.111989856,-0.9932453,-0.99016,-0.139178753,-0.0145781711,-0.136606038,0.9839144,-0.115114048]},{"Location":{"X":352.117371,"Y":-744.0614,"Z":3245.36279},"Vector":{"X":0.6061335,"Y":0.799028456,"Z":3245.36279},"JointType":9,"OrientationMatrix":[0.030365102,-0.111989856,-0.9932453,-0.99016,-0.139178753,-0.0145781711,-0.136606038,0.9839144,-0.115114048]},{"Location":{"X":0.0,"Y":0.0,"Z":0.0},"Vector":{"X":0.0,"Y":0.0,"Z":0.0},"JointType":10,"OrientationMatrix":[1.0,0.0,0.0,0.0,1.0,0.0,0.0,0.0,1.0]},{"Location":{"X":288.057251,"Y":-280.648071,"Z":3349.553},"Vector":{"X":0.584124,"Y":0.6092804,"Z":3349.553},"JointType":11,"OrientationMatrix":[0.9556736,-0.06593746,-0.286949873,-0.2501965,0.331891716,-0.9095326,0.155208558,0.9410102,0.300682843]},{"Location":{"X":200.6409,"Y":-314.257965,"Z":3341.818},"Vector":{"X":0.558730662,"Y":0.622650862,"Z":3341.818},"JointType":12,"OrientationMatrix":[0.0240259264,0.228043884,0.9733544,-0.548675358,0.816900432,-0.177845523,-0.8356902,-0.529782653,0.144748852]},{"Location":{"X":200.6409,"Y":-515.2581,"Z":3341.818},"Vector":{"X":0.558730662,"Y":0.701098561,"Z":3341.818},"JointType":13,"OrientationMatrix":[0.06634897,0.228043884,0.971387565,-0.555893064,0.816900432,-0.153807,-0.828601658,-0.529782653,0.180968523]},{"Location":{"X":200.6409,"Y":-699.0621,"Z":3341.818},"Vector":{"X":0.558730662,"Y":0.7728349,"Z":3341.818},"JointType":14,"OrientationMatrix":[0.0613424852,0.228043884,0.9717166,-0.5550931,0.816900432,-0.156669512,-0.8295232,-0.529782653,0.176696286]},{"Location":{"X":200.6409,"Y":-774.0552,"Z":3341.818},"Vector":{"X":0.558730662,"Y":0.802103758,"Z":3341.818},"JointType":15,"OrientationMatrix":[0.0613424852,0.228043884,0.9717166,-0.5550931,0.816900432,-0.156669512,-0.8295232,-0.529782653,0.176696286]},{"Location":{"X":0.0,"Y":0.0,"Z":0.0},"Vector":{"X":0.0,"Y":0.0,"Z":0.0},"JointType":16,"OrientationMatrix":[1.0,0.0,0.0,0.0,1.0,0.0,0.0,0.0,1.0]},{"Location":{"X":332.68634,"Y":-687.935059,"Z":3352.19971},"Vector":{"X":0.5970808,"Y":0.7676607,"Z":3352.19971},"JointType":17,"OrientationMatrix":[1.0,-6.987009E-27,-1.37780466E-13,0.0,1.0,-5.071117E-14,1.37780466E-13,5.071117E-14,1.0]},{"Location":{"X":332.68634,"Y":-988.170837,"Z":3352.19971},"Vector":{"X":0.5970808,"Y":0.884475946,"Z":3352.19971},"JointType":18,"OrientationMatrix":[1.0,2.39253265E-14,-1.35687265E-13,0.0,0.9848077,0.173648179,1.37780466E-13,-0.173648179,0.9848077]},{"Location":{"X":332.68634,"Y":-1270.58789,"Z":3352.19971},"Vector":{"X":0.5970808,"Y":0.9943583,"Z":3352.19971},"JointType":19,"OrientationMatrix":[1.0,2.39253265E-14,-1.35687265E-13,0.0,0.9848077,0.173648179,1.37780466E-13,-0.173648179,0.9848077]},{"Location":{"X":0.0,"Y":0.0,"Z":0.0},"Vector":{"X":0.0,"Y":0.0,"Z":0.0},"JointType":20,"OrientationMatrix":[1.0,0.0,0.0,0.0,1.0,0.0,0.0,0.0,1.0]},{"Location":{"X":246.269012,"Y":-688.6455,"Z":3330.5022},"Vector":{"X":0.5723316,"Y":0.769682646,"Z":3330.5022},"JointType":21,"OrientationMatrix":[1.0,0.0,-9.011353E-14,0.0,1.0,0.0,9.011353E-14,0.0,1.0]},{"Location":{"X":246.269012,"Y":-988.8813,"Z":3330.5022},"Vector":{"X":0.5723316,"Y":0.8872589,"Z":3330.5022},"JointType":22,"OrientationMatrix":[1.0,1.56480511E-14,-8.87445E-14,-2.019484E-28,0.9848077,0.173648179,9.011353E-14,-0.173648179,0.9848077]},{"Location":{"X":246.269012,"Y":-1271.29834,"Z":3330.5022},"Vector":{"X":0.5723316,"Y":0.997857153,"Z":3330.5022},"JointType":23,"Or